   8.00000000000000               64  0.449999988079071              354
          13           3
           1        1607        1544        2376        2441        3337
        3400        3399        4360        4425        4362        5258
        4234        4235        5131        4171        4236
           2        1847        1782        1014         374          54
          55          56         248         247         759        1591
        2422        3318        3383        3319        4343
           3        2864        2032        1967        1966        2862
        2861        3693        3692        2732        1836        1835
        2603        3563        2666        3498        4457
           4        2436        3333        3269        2374        1541
        1605        1670        1735        2567        3463        4487
        4486        5382        6405        7429        7364
           5         843         203         204          12          13
          14         334         335         975         974         462
         463        1103        1168        1936        2000
           6          22          23         215         216         153
          89          88         663          86          85         661
        1365         533        1302        1238        1237
           7        2923        2986        3946        4009        3049
        3112        3177        3176        4137        4074        5034
        5097        6121        7145        6185        6250
           8        6083        4995        4099        4164        5124
        5189        5252        4356        3395        3458        2498
        1730        1729         962        1731        1667
           9         481         480         479         991         927
        1694        1630        2463        2527        2591        2590
        3422        3421        3420        4316        3292
          10          96         671         607         543        1312
        1248        2079        2975        2910        3870        3935
        3872        2912        3873        2914        2915
          11        1866        1034         458         459         460
         972         332         333         973        1805        1806
        1871        1104        1105        1872        1937
          12        8802        8801        8800        7839        6878
        6941        6876        5788        5789        5854        5791
        5792        4832        4897        4001        4002
          13        5808        5809        4849        4912        4977
        4017        4082        4083        4019        3060        2163
        2226        1458        2290        2354        2417
          14        3262        4286        5182        6270        5310
        5309        6397        6396        6395        5307        4411
        4412        3388        3387        3323        3386
          15       10634       11401       11465       10761       10760
        9992        9991        9094        8070        9030        9093
        8197        8198        8261        9285        9286
          16        4908        4971        4011        3948        3885
        4845        4910        4973        5997        6060        7084
        7019        7082        8106        8107        7147
          17        1011         499         500         501         438
         373         372         948         883        1651        1714
        1713        2481        2416        1585        1521
          18         330          10           9         201         137
          73         650          75          76          77         717
        1484        2315        3212        3213        4173
          19         352         351          31          30          29
          28          27         283          26          25         217
         794         858        1562        2395        1564
          20        1511        1448        1449         745         169
         234          42          41         361         362        1002
         490         489        1001        1768         936
          21        9142        9141        8181        7222        6197
        6260        5236        5299        5234        5297        5232
        6255        5295        4271        3312        2352
          22        7808        7807        6847        6848        6785
        7745        7746        8642        8641        7617        7680
        7679        6719        5694        6782        7742
          23        2872        2041        2040        1208        1975
        1207        1142        1079        1016         951         888
        1592        2423        3320        3321        2361
          24        1632         865         866         226         738
          98          99         100         165         229         806
         870        1639        1703        1640        1705
          25        7799        8759        9719        9656        9591
        9528       10425        9530        9594        8633        8697
        7738        7803        7740        7739        7804
          26         841         776         839         904        1672
        1737        2633        2569        2632        1799        2630
        1797        2565        1669         900        1732
          27       11391       11326       11262       12031       11264
       10431        9534       10429       10365        9468        8507
        8508        7612        7676        7677        6654
          28         710         135         199           7         263
         328         393         969        1032         455         391
         966         902         901         836         260
          29        7577        7576        6551        7574        6549
        5524        4563        4499        5458        4497        3536
        4495        3534        3599        4623        4688
          30          44          45          46          47          48
          49          50          51         243         242         241
         881         880        1584        2480        3376
          31        3166        2271        2207        1376         609
         673         737        1504        2335        2399        3294
        2397        2333        2396        3228        2332
          32        2852        2021        2854        3814        3813
        4709        5733        6821        6820        6819        5731
        5732        6692        7652        8611        9507
          33        6515        5492        5556        4595        4659
        3699        2739        1971        2034        2866        3762
        3825        4785        5745        5746        5681
          34        5962        5897        4809        4810        3850
        2891        2890        3914        3978        3017        3081
        3146        4106        4043        3980        3981
          35        1548         781         845        1614        1678
        1679        1616         848         783         719        1486
        1422        2190        3085        4109        4045
          36        1404         635         571         636         699
         122         186         249         761         696         120
         697        1464        2360        2425        2489
          37        1413        1349        2182        3079        3015
        3976        3912        4936        5001        4938        3979
        3019        2123        3083        2188        2253
          38        7953        7888        6864        5776        5777
        5778        4818        3922        3923        2962        2899
        2900        3861        3862        3863        3926
          39          20          21         341         342         982
         983         471         472         984         344         345
         922         986        1690        1625        1561
          40        9689        9625       10522       11355       10524
       10461       10525        9628        9691        8730        8731
        9627        8603        8538        8475        7514
          41        6108        5084        4124        4059        3099
        3164        3101        4061        5021        4958        5982
        5919        5920        5985        4961        4000
          42        4745        3785        3722        3659        2763
        2826        2761        1865        1096        1863        1094
        1158        1093        1029         389         453
          43         469         468         980        1748        1685
        2453        2389        1558        2391        3288        4247
        4183        3224        3289        2394        2459
          44          38          39         359         360         423
         487        1062        1829        2660        3555        4514
        4450        5409        6434        5474        6499
          45        3891        2932        2996        2101        1268
        1269        2165        3062        3126        4085        3124
        3188        3251        3314        4273        3249
          46        7692        7756        6731        6795        6794
        6793        6729        6665        5640        6663        6599
        7623        7622        6534        6470        6406
          47        4134        4198        5158        6118        6119
        6182        6247        6312        6249        6314        5290
        5353        4393        4456        4392        3431
          48        1204        1203        1140        1844        2740
        3572        4533        5494        6519        7479        7480
        6392        6393        5305        4345        4346
          49        1108        1172        2004        2005        2006
        1174        1110        1878        1815        2647        3544
        3480        3416        2521        2457        2458
          50        5362        6386        6321        6384        6447
        7471        7408        7343        7279        8240        7216
        6193        5168        4209        3313        4272
          51        7604        8500        7476        7475        8499
        9395       10292        9397        9398        8374        8310
        8247        7351        6328        6263        6327
          52        2303        2304        1536        1473         769
         129         192         255         320           1           2
           3           4         324         387         452
          53        4696        4695        4631        4567        3606
        2774        2773        3733        3797        3732        2835
        2771        2707        1874        1873        2705
          54        4588        4587        5483        6571        6572
        5484        6444        7532        7533        6445        6382
        7405        7341        8300        7276        7339
          55         106         107         108         109         110
         111         751         239         238         237         749
        1453        1454        1455        2351        1520
          56        8815        7855        7918        7983        7920
        6960        5936        6001        6065        7088        6063
        7086        7149        8108        8172        8171
          57        2443        3340        3404        3403        3402
        2570        1674         842        1546         714        1481
        2313        2250        3147        4107        3148
          58        3253        3316        2420        2357        2293
        1460        1396        1331         563         626         561
         624         625        1457        2288        2224
          59        6085        6021        6981        6980        7940
        8901        8902        8837        8773        8772        8835
        8899        9794        9793        9792        8960
          60        1490         721        1488        1424        1360
         591         528         529        1361        2257        2320
        2383        2319        3214        2317        2316
          61        2161        2098        1266        1329        1264
        1327        1263        2096        2992        3055        4015
        4975        4079        3183        3248        4144
          62        1345        2113        1217         513         576
        1408         704         641         642          67         131
         130         770         835         258         259
          63        2242        3139        4098        4994        5954
        5953        5889        6849        5761        5824        4864
        4928        5951        6976        7936        6913
          64          52         244         245         757         758
         118         117         116         115         114         113
         753         752        1519        2350        2287
          65         701         125         190         253         188
         763         827         252         892        1660         891
         890        1594        2362        3257        4218
          66         527        1231        1230        2126        2127
        2128        2129        1233        1234         530         531
         532        1364        1301        2069        2133
          67        5101        5166        5229        4268        4204
        3245        3181        3182        2222        2157        1325
         558         622        1391        1456        1392
          68       11338       10505        9610        9674        8715
        9676        9612        8653        7694        6670        5646
        5711        5648        4687        3726        3662
          69        8372        8307        9267       10099       10995
       10930       10098        9201        9265       10160        9263
       10158       10157       10093        9261        8237
          70        5312        5311        4287        4288        3264
        2432        2431        3391        2559        2560        1664
        1601         897         834         898         322
          71       10555       11386       10553       10489       11322
       12089       11320       10487       10550       11382       11317
       12021       11189       11893       11894       12534
          72        1838        1837        1133        1198        1197
        1964        2028        2027        2026        1194        1131
        1130        1897        2729        2665        1832
          73        5593        6553        5528        4569        3673
        3672        2775        2007        2008        1176        1112
        1816        1817        1754        2587        1691
          74        6844        6843        6842        6841        6777
        7801        8761        9722        9723        9724        8700
        8637        7678        6653        6718        6781
          75        3476        4437        5398        4439        3478
        2582        2645        1813        1044         467         466
        1106        1170        2002        1938        2769
          76        5360        4400        4465        3569        4528
        4527        4590        4655        3695        3760        3823
        4783        5743        5744        6767        6703
          77        1366         534         535         599        1368
         601         537        1306        1243        1242        2073
        2968        3032        2967        2902        2903
          78        4891        5915        5978        5913        6937
        7897        8793        9753        9754        8794        8795
        8796        8861        9757        8860        8924
          79       12378       12570       12571       12379       12380
       11868       12508       12507       11867       11866       11034
       10202       10267        9435        9370        8474
          80        2201        3096        4057        5017        5080
        5015        6039        5976        5911        4887        5910
        5909        4821        3925        2965        2901
          81         556         620        1452        2220        2155
        1323         554         618        1450        1451         747
         810         873         937        1704        2535
          82        3134        2237        1406         574         573
         638         703         766        1534        1598        2429
        2364        2299        3195        2298        1530
          83        1236        2068        3028        2131        2130
        1362        2195        3092        4051        5012        4948
        3989        3990        3030        2134        3031
          84        1891        1955        1188        1124        1060
         483         482         994        1762        1699        2532
        2596        3493        3494        3559        3496
          85        2888        2887        2055        2056        1225
        2057        2058        1226         522         523        1355
        1420        1356        2187        3084        4044
          86         915         852        1620        2451        2387
        3284        3220        4181        3222        3158        3094
        4055        3991        3927        2966        3029
          87        1280        2111        1278        2109        1276
        2107        1274        2105        1273        1272        2103
        2167        2232        2297        3194        4155
          88        5718        5719        6807        6808        6809
        6810        6811        5723        4699        4698        5594
        6554        5466        4442        4378        3418
          89        1201        1138         498         497         496
        1008        1007         495         494         493         492
        1004        1003        1770        2601        3497
          90        1788        1789         957         381         444
         508        1084        1083        1915        2683        1787
        2555        2491        2427        2490        2426
          91        2175        3070        4031        3967        3008
        2944        3841        4802        4803        5891        6851
        7810        8770        7874        7937        8001
          92        8890        8826        7865        6906        6970
        5945        4921        4858        4923        5947        6011
        7034        7098        6138        5114        5179
          93        8465        7504        7440        8401        8337
        7378        7314        7250        8209        8145        8144
        9104       10000        9105        9937       10001
          94        5819        5818        5817        5880        4856
        3896        2936        3001        2938        3898        3963
        4026        4089        4152        3191        3255
          95        9705        9706        9707        8683        9579
        8619        7658        7657        6569        6568        6567
        5479        5414        4455        4520        4521
          96        9243        9178        9241        9240       10200
       10199       10967       11734       11798       10966       10133
       10069        9172        9171       10067       10899
          97        5204        4243        4307        4371        5332
        5396        6419        7444        7508        7572        6547
        5522        4561        3600        3663        2831
          98        5736        5735        4711        3815        3816
        2856        2025        2024        1192        1128        1895
        1831        1064        1000        1769        1706
          99        1996        1995        1163        1162        1161
        1160        1992        2824        3720        2760        3592
        4553        5512        6472        6408        7368
         100         473         474         411         475         987
        1819        1818        1114        1178        1945        2713
        2714        3546        2586        2522        2523
         101        4708        3812        3811        4707        3683
        2788        1957        1893        1126        1190        1959
        2792        3688        2728        3560        3495
         102        4670        3646        4542        4541        3645
        2685        1917        1213        1214        2046        2045
        2813        3773        4669        5630        5629
         103        9867        8907        8908        8909        8013
        9037        8141        9102        9039        8079        8014
        7118        6030        5006        5071        4110
         104        3883        4843        4906        4841        4904
        5927        5928        5993        7017        6954        7914
        7979        8042        7146        7211        7212
         105        8777        7881        7880        7879        6855
        6856        5768        5767        4807        5895        5894
        6982        7878        8839        8776        7816
         106        7138        7203        7266        6242        5219
        4258        4194        3235        2338        2273        2274
        3106        3107        4066        3042        3041
         107        2075        2907        2971        3036        3996
        4956        5980        6043        7067        7130        6106
        5082        5147        5210        5275        4251
         108        2885        2884        2883        2947        2946
        3970        3969        3073        3136        4160        5056
        6080        6015        7103        7040        7104
         109        5642        5578        4617        3593        3594
        3531        3596        3533        4429        4428        5324
        5260        4301        4238        4174        5070
         110        3038        2973        2077        1246        1310
        1245        1308         604        1436        2267        3162
        4122        4185        3226        4186        3227
         111        2934        3893        4852        4916        3957
        3894        4854        4919        3959        4024        4088
        5049        6073        6137        5177        5242
         112       11463       11399       10631        9863        9864
        9865        9866        8906        7882        6858        5898
        5899        5964        4939        4940        5005
         113        2276        1444        1509        1445         613
         550        1254        2150        2214        3109        3044
        4004        4964        4963        5026        5986
         114        1120        1824        1760        1697        2529
        2466        3363        3427        4388        4452        5411
        5475        5539        6564        7524        7459
         115        3508        4467        5428        5364        6388
        6325        6390        5430        5366        4405        4341
        4278        5238        5239        4280        4279
         116        5781        5782        5783        4823        3864
        3929        4889        4954        3994        3034        2137
        1304        1240        2071        2070        2135
         117          58          59          60          61          62
         319         959        1791        1790        2558        1662
        1597        1532        2363        3259        4283
         118        5468        4572        5596        6556        6555
        7515        6427        6364        5340        4444        4443
        5402        4441        4377        3417        3353
         119         503         440         377         378         442
         505        1081        1849        1786        1721        2553
        3449        4409        3385        2488        3384
         120       12230       12231       12551       12550       12358
       12422       12486       11974       12038       11973       12036
       11204       10372        9477        8453        7493
         121        2643        3538        3474        3410        3346
        3409        4369        4304        4239        3278        2381
        2445        3342        3277        4237        3276
         122         227         739        1507        1571        2402
        2401        3296        3360        4319        4383        4447
        5471        5408        5473        5538        5537
         123       12068       12067       11235       10467       10404
       10339       10276       10211       10146       10145       10082
        9186        9249        9314        8353        7457
         124         369         370        1010        1842        1841
        2609        2608        3440        3375        2479        2414
        3309        4270        4207        4208        3247
         125       11004       10173       10237       10301        9406
        8382        8383        7487        7486        7485        7484
        6524        6523        6588        6651        6652
         126        8595        7634        7698        6675        5715
        6803        6802        6801        5713        4753        5649
        5586        4627        3666        3665        2770
         127        3370        3305        4265        4202        4267
        4331        4396        4460        4395        4458        5482
        5481        4585        3561        2664        1833
         128        4484        3523        3586        2754        1986
        1985        2048        1216        1153        1154        1858
        1091        1092        1028        1027         451
         129        3457        2625        2688        3648        4544
        4481        5377        5440        5439        4543        3647
        4671        5567        6590        5565        5628
         130         160         224         799         222         158
          94          93         605         540         603          91
         155         730        1499        2331        1498
         131        7889        8848        8783        8784        7825
        6866        6930        5905        5969        5904        4816
        4815        4814        4878        3982        3917
         132        5562        5563        4539        5435        5434
        6394        7482        7481        8377        7353        7354
        6266        5306        4282        3322        4281
         133       12497       12434       12499       11923       11860
       11795       12371       12563       12562       12242       12243
       12179       12115       11540       11539       11476
         134        9913        9018        9017        8954        7995
        8956        7996        7100        7101        8125        8126
        7102        7038        7039        8000        8063
         135         545        1314        1379        1378         611
         548        1252        1253        1316        2148        2083
        2082        2081        2978        3937        4833
         136        4007        5031        5032        5096        5160
        4264        4263        3239        3175        2278        2343
        2408        2409        3369        2473        3433
         137        5460        4501        4565        3604        3540
        2580        2515        3412        4373        3414        4375
        4311        3352        4313        4250        3290
         138        8100        7204        7269        8229        8292
        8355        9315        9252       10148       10213        9317
        8357        8420        9379       10274       10273
         139        4159        5183        6271        7359        6399
        6398        5438        4414        3390        3389        4285
        4284        3260        4219        5178        5115
         140        5702        4743        3783        3782        3717
        3781        4740        3779        4738        5698        4737
        5760        4799        4734        4797        5758
         141         875         363         364         365        1005
        1709        1710        2542        3437        3373        2476
        2475        1707        2538        2602        2537
         142        8403        8339        9300       10197       10261
       11092       11028       11732       12372       12373       12565
       12245       11668       11603       10835       11602
         143        8289        8226        9187        9123        9124
        9125        8166        8231        8168        9064        9896
       10728       10792        9961        9066        9962
         144        4454        4519        4582        4647        4710
        5734        6694        6630        7654        7653        7716
        8676        8739        8674        7715        6627
         145        8494        9453       10413       11181       12013
       12012       11180       11179       10283       11051       10986
       10153       10088       10025        9193        9130
         146        8294        7334        7399        7462        7526
        6501        5477        4516        4580        5541        5605
        6628        5603        6563        6562        6561
         147        5696        6657        6593        5505        5506
        4610        4609        3585        2753        3713        3776
        3839        3774        3837        3838        4798
         148        8599        9558        8597        7636        6613
        5590        4629        5588        5652        5716        4755
        3794        3730        2834        2001        1169
         149        1822        1118         478         413         477
         989         924        1692         925         861         797
         732         796        1563        1628         859
         150        4661        3701        3702        2870        3830
        3831        4791        5751        6839        6838        6773
        6836        6771        6770        6833        6834
         151        4619        4556        4621        4684        4747
        3787        3724        2829        3789        4749        4686
        4751        3791        3727        3792        2832
         152       12538       11963       11194       11258       12027
       12092       11324       11389       10557        9725        8701
        7805        6845        5757        5693        4733
         153        3909        3013        3972        4996        4932
        4867        4804        5764        5765        6853        6852
        6915        6850        7809        7873        6977
         154        7312        8273        9232       10127        9167
        8207        7246        7182        7119        7056        8016
        8977        9809        9873       10705       11474
         155        9763       10595       10594       10593       11425
       10721        9889        9954        9058        8995        8035
        7075        7010        5987        5027        4067
         156       11036       10971       11739       11676       10908
       10076       10013       10845       10780        9948        9052
        8989        9885       10716       10715       11484
         157         735        1502        1438        1437        2205
        2140        2203        1435        1434        2265        1432
        2263        3160        3225        4249        4314
         158        8997        8932        9828        9891        9956
       10788       10725       10790        9958        9063        9000
        8937        9002        9067        9132       10029
         159        3299        2404        1573        2406        2470
        3367        4326        3365        4324        5283        5347
        6370        7394        8418        8417        8480
         160        1560         856         855         854         214
         213         148         724        1492        2325        1494
         727        1496        2329        2330        2393
         161          33         353         354         355          35
          36         228         868        1635        2468        1637
        1701        2534        2471        2536        2600
         162         520         584        1353        2184        2248
        3143        4104        5064        5129        5130        4169
        3209        3274        3211        2251        2252
         163       10253        9358        9294       10191       10255
        9360        9424       10321        9426        9490        8531
        9492        9428       10388       11219       11988
         164        4241        3282        3218        4179        4115
        4050        3985        3921        2897        2896        2895
        3919        3983        4047        3151        4111
         165        9020        9917        9981       10045        9148
       10043        9146        9210        8249        8248        7224
        7160        6136        5113        4217        4154
         166        5780        6868        7829        7830        8789
        8788        8787        8786        8850        8914        7955
        8916        8917        9812        8915        9810
         167       10782       10847       10910       11678       11743
       10975       11038       10206       10271        9375        9439
        9504        8544        7585        7586        7650
         168        7606        7669        7732        7795        8755
        9716        9717        8757        8694        8629        9589
        9526       10422       11190       11959       11127
         169         206         207         208          16          17
         337         849        1618        1681        2513        2576
        2575        1807        2703        2768        2833
         170        2218        2153        1321         552         616
        1383         614         678         103         167         232
         808        1576        1641        2474        3434
         171       11305       10409        9449        8425        8424
        7528        6440        6377        6442        6443        7403
        7338        7401        8297        9257        8298
         172        5336        6359        6423        7448        6425
        6361        7386        8346        8283        7323        6299
        6236        5212        5211        4187        4252
         173        3040        3105        4064        4063        4128
        3232        4191        5151        5086        5149        4189
        3293        2461        2524        2460        3355
         174        5893        4805        4806        3910        4934
        4998        4038        4101        3141        2244        2308
        1475        1539        1604        1668        1733
         175         787        1554        2385        2448        3344
        3407        3406        4367        5326        6349        6285
        5262        5198        5134        5133        5197
         176        3642        3706        3705        2808        3703
        4663        4728        4793        3833        3834        3770
        4731        5690        5691        5755        5756
         177        6219        6283        7306        7370        6345
        5322        4426        5450        5451        6411        7434
        6409        7369        8328        8391        8327
         178        7473        6449        6512        6511        6574
        7599        7600        8496        8497        7601        7602
        7667        6643        6642        7666        6641
         179        2047        2815        1919        1918        1086
         510         446         447         448        1088        1025
         450         386         323         899         963
         180        6697        6696        7784        7785        7786
        7787        7788        8749        9710        8751        7790
        6702        6639        7664        7728        7792
         181        7298        8257        9218        8259        8195
        9091        9092        8068        8067        8963        8004
        7043        7042        8002        6978        7938
         182        6353        6417        5392        5456        6481
        7506        7570        6545        7568        7632        6607
        5584        4625        4624        3728        3729
         183        6827        6826        5738        4778        3817
        3818        3819        3820        4716        4715        3691
        2794        2730        3562        3625        3624
         184       11725       12237       11597       11596       11595
       10763       10764       10765        9869        9870        9807
        8911        8976        9041        8978        9874
         185        6351        6288        5264        5201        6225
        6160        6159        5136        4175        3216        3153
        3088        3087        3150        3149        2189
         186        2295        1462        1398         629         565
         566         567         568         569         633        1402
        2233        2296        3256        3193        3258
         187        7846        8807        8808        7912        6888
        6889        5865        5800        5799        5798        4838
        4837        4836        4899        3938        2977
         188        2940        3900        3965        3902        2942
        3005        2173        3068        3132        2235        2171
        3066        3129        3192        4151        5112
         189        6860        7884        7883        6859        5771
        5772        5773        4813        4812        3916        2892
        2893        2894        2957        2125        3022
         190        8811        8810        8809        8874        8939
        9835        9772       10603       10604       11436       10732
       10797       10860       10027       10028        9963
         191       12156       11579       10812       10748        9915
        9851        9787       10620        9789        8893        7933
        7870        8830        8895        8832        8831
         192        1588        1653        2485        2549        3444
        3379        2483        2418        1586         754         755
        1459        2355        3250        3186        3185
         193       11991       12056       11289       11353       10520
        9688        8728        7768        7705        6682        6683
        7643        8602        9498        9497        9433
         194        8335        7374        7310        8269        9230
       10125       10893       10894       11598       12110       12111
       12112       12113       12114       11538       10706
         195        3887        2927        2990        2094        1261
        2092        2988        3053        4013        4076        4139
        5099        5162        6187        6122        6186
         196       11134       11070       11837       12414       12478
       12541       12476       12412       11835       12410       12473
       12536       12535       11895       12470       12406
         197       11396       11395       11394       10562       10563
       10564        9796        9860       10691       10690        9922
        9921       10689        9920        8961        9857
         198        5779        4819        5907        6932        6996
        5971        6035        7060        8019        7058        7121
        7122        8083        9107        9043       10003
         199        6967        7030        6006        6069        5109
        5108        6068        4980        4021        4982        5047
        5110        4150        4215        4216        4153
         200        8201        9162        9994        9034        9098
        8139        7178        7242        6217        6216        7176
        8200        7304        7367        6407        7495
         201        5721        6681        6680        6615        6679
        7702        7766        8725        9686        9622       10519
       11350       11286       12053       11284       11283
         202        9151        8127        8128        8065        9089
        8193        7297        7360        6400        7488        6528
        6591        6526        5566        6589        5564
         203        6787        7747        6659        5635        5571
        4612        3653        2758        2694        3591        4615
        4614        5510        6535        7559        7560
         204       10418        9522        9587        8627        9588
       10548       11380       11315       11316       10420       10356
       11187       11123       11060       10229       10997
         205        1165        1101        1868        1803         971
        1675        1676        2572        2635        2700        2765
        1934        1998        1935        1999        2830
         206        5597        4701        3805        3804        3803
        2843        1947        2011        2842        3674        3675
        4571        3547        3482        3481        2585
         207       12064       12001       12066       11362       11361
       11296       10463       11294       11998       12062       11358
       10527        9632        9569        8673        8608
         208        6814        6813        6812        5724        5725
        6685        6686        6687        7775        8734        9630
        8606        7647        7584        6496        7520
         209        2744        2681        1913        1914        1210
        2042        2043        1211        1212        1916        2812
        3772        3836        4796        5692        6716
         210       12049       12048       11216       11215       12047
       11343       11342       11341       10445        9548        8587
        9546       10441       10376       10311       10312
         211        2719        2718        3550        4574        3678
        2846        3806        4767        5727        6815        6816
        6817        7777        6689        6624        6560
         212        5381        4357        3397        3461        2564
        2627        2692        3589        4548        4483        5507
        6532        6468        7492        7557        8517
         213       12106       11594       11593       12233       12232
       11720       12360       12361       12424       12488       11912
       11143       11207       10374       10375       10310
         214        6825        6824        6823        7783        7782
        8741        9701        9702       10534       11365       10532
       10531        9571        9506        8546        8482
         215        3690        4649        4713        5609        5610
        5611        6699        6700        5740        5741        6829
        6830        6831        6832        6768        5680
         216        2090        1257        1256        1255        2151
        2983        2984        2921        2920        3879        2918
        2917        2916        3875        3874        2913
         217       10915       10851       11618       12130       11554
       12194       12259       11684       11621       10853       10085
       10086       10087        9192        8233        7274
         218        5811        6899        6900        7860        8821
        7862        8823        7864        7929        7992        7032
        6008        6071        5111        5174        6199
         219        9164       10124       10123       10891        9995
        9996        9036        8075        7051        8011        7052
        6092        6157        5069        4108        4172
         220        2844        2013        1949        1117        1116
        1820        2716        3676        3677        2717        3549
        2589        2588        3483        3419        4315
         221        6517        7477        8501        8502        8503
        8504        9400        8376        9272       10169       11000
       11064       11832       11896       12471       12408
         222        8778        8779        8780        8781        7885
        7886        6862        6863        5903        6991        6990
        5965        5901        4877        3918        4942
         223        3116        3179        2347        2346        1578
        2411        1580        1581        1582         878         366
         367         879        1583        2415        3311
         224        4130        5090        5153        6177        6114
        6051        6116        6180        6245        6308        7332
        7397        7460        7523        7587        7588
         225        5814        5813        5878        5941        6965
        7028        8052        7156        8180        7284        7349
        8309        9269       10166       10165       10996
         226        6984        7049        8009        8073        9032
        9096        9161       10121       10889       10890       11722
       11018       11081       10313        9353        8393
         227        1185        1122        1890        2721        1888
        1951        2847        2848        3680        3616        4577
        5601        5602        6626        7714        8610
         228       10591        9759        9822        9887        9824
        8928        7904        6880        6881        5793        5794
        5795        4835        3939        4003        2979
         229       12228       11651       12226       11649       12288
       12224       12160       11521       12098       12162       11585
       11584       10752        9856        8897        8833
         230       12239       12238       12558       12557       12556
       12555       12554       12362       12427       12490       11914
       11849       11017       10249        9289        8329
         231        6874        6939        7002        7065        8025
        7960        8920        8983        9046        9941       10709
       11413       11412       10708        9876        8979
         232        4355        5251        6211        6147        7172
        7173        6213        7301        7302        7303        8199
        9223       10120        9288        8392        7433
         233        6037        5974        6998        6935        6872
        7832        8792        8855        9750       10581        9748
       10579       11411       10642       10707        9811
         234        8885        7925        7990        8055        9015
        9975        9976       10808       11575       12152       12216
       12279       11703       11767       11831       12407
         235       11333       10500       11331       12035       12034
       11202       10434        9538        9539        8643        7619
        7620        7621        7558        8454        7430
         236        8540        7516        7517        6429        5469
        5470        6558        5598        5599        4703        4704
        5600        6688        6625        7649        8545
         237        9174        9238        8277        7318        7254
        6231        5206        4245        4309        3350        2455
        1687        1688        1689        1626        1627
         238        6258        6195        5171        4211        4276
        4339        4274        4337        3377        3442        4466
        5490        5554        5617        6705        7793
         239        9614        9678        8719        7760        7696
        8655        8591        9550       10447       10512       10513
       11346       11282       12051       12052       11987
         240       11166       11165       10397       10396        9499
       10394       10458       11291       12060       11996       11164
       10268        9371        8411        7450        8410
         241        8285        8350        7390        7325        7388
        8348        8412        9373        9437        8478        7519
        6495        5472        6497        6498        6433
         242        8813        8876        8941        7981        7916
        7853        6893        6956        5932        5995        6058
        6123        6188        6251        7275        8236
         243        8663        8600        9496       10392       10391
        9494       10389       11222       11158       11094       11862
       12502       12501       11925       11990       11989
         244        9393       10288       11121       11185       12017
       12016       12080       11313       11314       12018       12019
       12020       12532       12469       12404       11892
         245        6487        5464        4503        5462        6485
        6421        6357        6293        7316        8275        9234
       10131       10962       11666       10897       10066
         246       11183       10352       10416        9519       10414
        9582        8621        7661        8622        8687        8624
        8625        9585        8689        8753        8690
         247        2557        3517        3518        3519        4415
        4416        4353        5249        5250        6338        6339
        6340        6341        6342        7365        7428
         248        8817        7857        7922        6962        7027
        5939        4914        5938        4850        3889        2929
        2994        3057        2225        2289        2353
         249       11442       11507       11443       10611        9778
       10609        9776       10607       10606        9774        9837
        9902        9006        9069        9068        9004
         250        8991        8031        8094        8159        7199
        7264        8224        8161        8098        8033        7009
        7008        6048        4960        5025        4065
         251       11416       11417       11418       10714       11546
       12123       11547       12187       12252       12189       12125
       11485       11420       10588       10587        9756
         252        2906        3865        4824        5784        5785
        5786        5787        4827        3868        3933        4893
        4830        4895        4896        5921        4898
         253        1603        2434        2370        3267        4227
        4226        4225        3329        2369        3201        4097
        5121        6081        7041        8064        9024
         254        6049        6112        6047        6110        7134
        7069        7006        7966        7903        7838        7901
        7964        7899        8923        9755       10651
         255       12583       12584       12264       11689       11753
       12393       11817       11050       11882       11178       11177
       10281        9321        9258       10090       10923
         256        4600        4537        4536        3575        3510
        3447        3512        3577        3514        3515        3516
        4540        3644        4668        4732        4795
         257         648        1415        1479        2310        3207
        4166        5127        6087        6023        6088        6025
        6090        6091        5068        5004        4941
         258        4132        4196        3237        3301        4260
        5221        5286        5349        6373        6310        6375
        5351        4391        3432        2472        3368
         259       12132       11556       11491       10723       11427
       11428       11493       11430       11431       11495       12135
       12136       11561       10794       10795        9964
         260       10597       10598        9830        8935        7974
        7910        8869        8804        7844        6884        6947
        5923        5858        4834        5922        4962
         261       11775       11008       10175       10239        9279
        9280       10112       10049       10050       10946       11715
       10948       10117       10182       10183       10248
         262        3156        4117        5078        6101        6165
        6229        7252        7188        8149        8085        9044
        9108        8147        9106        9042       10002
         263        9254        9319       10215       11048       11815
       11751       10982       11749       11748       11813       11877
       11108       10340        9443        9442        8481
         264       10319        9422        9486       10381       10317
        9420        9484        8525        7566        6543        5518
        4559        3598        2766        2767        3664
         265        1287        1223        2054        1221        1285
         518         582         646          69         133         197
         261         325         965         964         388
         266        2981        3941        4006        4966        5029
        6053        7077        8038        8102        7143        7208
        7271        7336        7273        7209        7210
         267       11713       11777       12354       12546       12547
       12548       12549       12229       11717       11718       11014
       11079       11015       10247        9351        8390
         268        8680        8681        9577        8553        7529
        7530        7531        8555        9451        9452        8428
        9324        9323        8299        8235        9131
         269        7500        6477        6541        6605        7628
        6603        6539        7562        6537        6601        6536
        5448        5383        6471        7496        7432
         270        6645        6710        5686        5749        4789
        3829        3764        3827        4787        4724        5684
        5747        5682        6706        7729        7730
         271       11851       12428       11853       12430       12494
       11919       12496       11921       11858       11793       11024
       10193       10130       10898       10065        9170
         272       10367       11200       11201       12033       11329
       11392       10497        9665        9728        9727        9726
        8702        7806        7741        6717        6780
         273        6800        6799        6798        6797        6733
        5709        5644        6667        7690        8714        8649
        8585        8521        8520        8519        9480
         274        3687        2790        3685        3621        2726
        2662        2598        1765         996         421         357
         934         998        1767        2663        2599
         275        8828        7868        6908        5820        5821
        5822        4862        4925        5949        6973        6910
        6975        6912        7872        7935        7999
         276       10032       10865       11633       11632       12144
       12143       12206       12271       12270       11630       11693
       11757       10925       10092       10091       10987
         277        8930        8929        7905        7842        7907
        7972        7012        6949        5925        5990        7015
        7080        8040        8105        8169        8170
         278       12109       12108       12107       11467       11403
       10636       10573        9742       10574       10639       10576
       10577       11409       11473       11537       10769
         279        3801        3800        3799        4758        5717
        6805        6804        7764        7700        8661        9620
       10516       11348       11285       11221       11157
         280       11641       12218       12154       11578       11513
       10745       10810        9979        9082        8123        8122
        7226        7225        6201        6264        6200
         281       12559       12560       12240       12241       11729
       12369       12368       11791       11727       10895       10896
       11600       11601       10833       10834        9938
         282        8007        8071        7175        7174        6214
        5254        4294        3335        3271        4232        5256
        5255        6343        7366        8326        8325
         283        9110        8151        8215        8152        7128
        6104        6167        7190        7126        7063        8023
        7958        8021        8980        9875        9939
         284        7258        7195        7132        7197        7262
        6238        6303        6368        7392        6367        5342
        5277        4317        3356        3291        3354
         285        2301        3198        4157        5181        5180
        6268        7228        7229        8253        9212        8251
        7227        6267        6202        6265        5241
         286        8943        9008        9071        9135       10030
        9134        8174        8109        8046        8111        7152
        6127        5104        4080        4145        3184
         287       12128       12191       12256       11680       10912
       10080       10015        9119        9054        9117        9182
        9247        8287        8352        9313        8354
         288       11132       10299        9402        9466        8505
        8569        7610        6585        6521        6520        5432
        5368        4407        5303        5304        4344
         289         210         211          19         339         402
         465         464         976         913         978        1746
        1809        2641        2706        3601        2704
         290       10839       10071       10072        9112        8153
        8218        8281        7320        6295        5272        5208
        6233        6234        5274        5338        4379
         291        4597        5558        5623        5688        6712
        6647        7671        8631        9527       10359        9399
       10231       10230       11062       10998       11830
         292       12220       12284       11707       10938       11705
       10936       10105       10041        9144        8120        8119
        7158        6198        5175        5176        5240
         293         236         876        1708        2604        3501
        4462        4398        5358        5293        6316        6252
        7277        8238        8301        9197        8173
         294       10096       10927       11759       12399       11887
       12527       12528       11888       12400       12401       12466
       12467       11890       11827       12403       12340
         295        8395        9356        9292        8331        8267
        8204        8205        9166        9998        9935       10767
       10704       10641       11410       11475       10643
         296        8509        8510        8511        9472        8576
        9600       10495        9599        9536        8513        8514
        8515        8516        8452        9348        9412
         297       11903       11967       12542       11965       11196
       10363       10427        9532        9596        8635        7674
        6649        5626        5627        6715        6779
         298       11247       12014       12078       11311       11375
       10543       10544        9712        9713       10545       10546
        9714        9715        8754        7794        6769
         299        8887        9847        9848        9785       10617
       10682       11451       10684       11453       10686        9855
        8958        9022        9023        8959        9791
         300       12577       12578       12386       12387       12452
       12516       11939       12514       12450       11873       11105
       11040       10208        9376        8416        7456
         301        7410        7347        7282        8178        9137
        9073        9970        9971        9972        9075        8179
        9203       10100       10932       10164       10101
         302        9924        9861        9862       10758       11527
       12104       12103       11591       10822       10821       10886
       10887       10119        9287        9350        9415
         303       10869       10804       10739        9906       10737
       11504       11505       11570       12146       12211       11635
       11700       11763       11764       11828       12468
         304       12040       12041       12042       11979       12044
       11340       11339       10443       10379       11211       11146
       11209       10377        9417        9416        9481
         305        2019        2018        2017        2785        3682
        2850        3810        3809        4705        5729        5730
        6690        7778        7713        7648        8609
         306       12592       12272       11760       10993       11057
       11761       12273       12274       12594       12595       12596
       12597       12598       12341       11765       12277
         307       10940       10876       11645       11581       12158
       12222       11582       10750       10751       11455       11456
       10624       10561        9729        8896        8769
         308        7752        8648        9672       10504       11335
       11271       10503        9671        9670        9669       10501
        9541       10373        9413        9414        8455
         309        8463        7502        6479        5454        5390
        6413        7438        8397        8333        7372        7308
        7244        6156        5132        5067        5003
         310       12375       11800       12377       11737       10969
       10906       11674       12249       11672       12247       11670
       10838       10837       10836        9940       10004
         311        2868        2037        2038        1973        2741
        2742        3574        2614        2551        2616        1784
        1719        1656        2424        1593        1529
         312        9667        9668        8644        7748        6788
        6789        6790        6791        7751        7750        8646
        9542        9543        9479        9478        8518
         313       11303       12072       12071       12070       12005
       11301       11237       11174       10406        9574        9573
        8549        8548        8483        7522        7521
         314       10399       11167       11871       11870       12510
       12509       12446       12511       12512       12000       11168
       11233       10401        9441        9377        9378
         315       12518       12454       12390       12582       12581
       12580       12260       12197       12134       12198       11623
       11687       10920       10089       10154       10155
         316        9984        9983       10879       10942       11709
       12286       12350       12605       12348       12603       12346
       12601       12600       12343       12342       12405
         317       12046       11214       11981       11917       11148
       11084       10251       10187        9290        9354        9418
        8459        7498        8457        8456        9352
         318        1845        1780        2611        2610        3570
        2738        2801        2736        3632        3697        4657
        5553        5552        5616        6640        7665
         319       11741       12381       12573       12574       12575
       12319       12384       11808       11745       11746       11811
       11043       11106       10338       10337       10402
         320        5394        5330        5266        6291        6227
        6163        6099        5074        4113        5073        5008
        6032        5007        4046        3086        2254
         321        8819        8883        8947        9842        8945
        7985        8050        7154        7155        6067        6066
        5106        4146        3122        3121        4081
         322       10224       11055       11054       11053       11052
       11756       12396       12395       12587       12586       12266
       12202       11625       10858       10026        9129
         323        9846        9014        8053        9013        9845
       10741       11445       11509       11572       12148       12149
       12150       12213       11701       11702       10933
         324        2259        1426         659          83          82
          81          80          79          78         590         525
        1229        1228        2124        3020        3021
         325       11414       11415       10583        9751        9814
       10710       10711        9943        9944       10712        9816
        9817        8922        9819       10652       11419
         326        6891        5867        5804        5805        5806
        5807        6895        6958        5934        5999        6062
        5102        4078        3119        3120        2223
         327        5379        5378        6466        7490        7425
        8385        9408       10241       11136       11072       10177
        9282       10179        9284        9221       10181
         328        3619        3554        2594        2657        3552
        3488        3425        4321        4322        5281        5216
        6240        6305        7393        7458        8419
         329        9844       10612       10613       10614       10615
       11447       11448       11511       10742        9974       10870
       10102       10103       10934       11766       12278
         330        9831        9768       10600       10601       11433
       11434       10602       10665       10730        9898       10731
        9900        9965        9133        9196        9195
         331        8379        8315        9274       10171       11002
       11066       11130       11897       12537       12025       12088
       12087       12022       11957       12533       11958
         332        9580       10540       10541       11373       11308
       11307       11370       10538        9578       10410        9450
        8426        9322        9259        9194        8234
         333        3075        3012        2116        1220        1219
        1218        2114        1346        1347         515         580
         644         708         772         195         771
         334        1136        1904        1839        2671        2734
        2733        3565        4526        5485        5550        5613
        4717        4718        5679        6704        7727
         335       12010       12522       12523       12524       11884
       11885       11886       12398       12590       12589       12588
       12268       11691       10924       10156        9260
         336        9050        9945       10841       11545       12121
       12185       11608       12183       12119       11542       12117
       12181       11541       10772       10771       10770
         337        1991        1990        1925        1989        1988
        1987        2755        3715        4676        5637        6661
        5573        5509        6469        7494        7431
         338        9704       10536       10535        9575        8679
        8615        8552        8551        9447        9382        8422
        9446        9445        8484        8547        7651
         339       12607       12608       12416       12480       12544
       12481       12482       11907       12483       12484       12420
       11845       11077       10244       10309        9349
         340        9150        8254        8317        7357        8381
        9340       10235        9338       10233       10297       10361
       11192       11191       11126       11063       10999
         341        8987        8027        8092        8155        8220
        9180        9245       10141       10204       10139       10074
       10011        9946        9883        9884        9820
         342       11440       10671        9840        9904        9968
       10799       10734       11502       11565       12141       12204
       12139       11563       10859       10922       10857
         343       12235       11723       11724       12364       11789
       11022       11086       11855       11088       10257       11090
       10259       10323       11155       10324       10325
         344        9694        8733        7772        7708        7645
        8605        8542        8607        8672        9696        9697
        9698        9634        9570        9505        9440
         345       12356       11779       11843       11076       10243
       11074       11138       10307        9410        9411        8387
        8323        7427        8388        8324        8389
         346        9056        9121       10017       10849       10784
       11552       11615       11550       11487       11424       11423
       10654       10589       10653        9821       10717
         347       10630       10565       11397       11461       12101
       12100       11524       11587       10818       10819       10051
       10052        9220       10180       10245       10246
         348       12566       12567       12568       12376       11864
       12504       11928       12505       12506       11994       11225
       11161       10330        9434        8473        8537
         349       11472       11407       11470       11469       11404
       10572        9739       10570        9737        8905        8904
        9736        9735        8775        7815        8774
         350        7762        8723        9682        9618        9554
        8593        8657        9616        9552        9488       10385
       11218       10387       11220       11156       11924
         351        6139        5051        4091        5052        5053
        5054        6142        6143        7231        7232        6145
        7170        8066        8962        8898        8834
         352        8469        8405        7446        7382        8343
        8408        8471        9430        9366       10263       10264
        9368        9369        8409        7513        7449
         353       11175       11110       11879       12456       12521
       12520       12008       11176       10408        9448       10280
        9320        8296        8232        9128        9065
         354       10285       10286        9391        8430        8366
        9327        8368        8305        8370        9394       10226
       11059       10228       11061       11125       11829
