           1       30913   3.50877196E-02  -72566.769236583525     
           2       30686   3.69344428E-02  -73314.407879818595     
           3       30590   3.88783626E-02  -74196.971258503399     
           4       30367   4.09245901E-02  -74339.526020408157     
           5       30382   4.44832519E-02  -75036.417781557073     
           6       30325   4.68244776E-02  -75684.788888888885     
           7       30258   4.92889248E-02  -75969.969897959178     
           8       29998   5.35749160E-02  -76986.158087679520     
           9       29780   5.63946515E-02  -77070.596730914593     
          10       29257   6.12985305E-02  -77980.677588813298     
          11       28786   6.45247698E-02  -77839.338756613754     
          12       28662   7.01356232E-02  -78190.553174603177     
          13       28030   7.62343705E-02  -78589.963888888888     
          14       27883   8.28634426E-02  -78797.925018896451     
          15       26907   9.00689587E-02  -79430.082823129254     
          16       26729   9.48094279E-02  -79804.940495086921     
          17       26214  0.103053726      -80269.395370370374     
          18       25202  0.112014920      -80785.642687074826     
          19       24906  0.117910437      -80994.693669690096     
          20       23735  0.128163517      -81285.109712773992     
          21       23002  0.139308169      -82092.398318216176     
          22       23043  0.146640182      -82908.866742252460     
          23       22293  0.154358089      -83247.286904761902     
          24       21140  0.167780519      -83287.316232048368     
          25       19569  0.182370126      -84267.129327286471     
          26       18827  0.191968545      -84941.484202569918     
          27       17436  0.202072158      -85700.800699168554     
          28       16605  0.212707549      -86330.676228269091     
          29       16090  0.223902687      -86826.503722600144     
          30       15141  0.243372470      -87534.311659108091     
          31       13679  0.256181538      -88854.686678004538     
          32       12980  0.269664794      -89391.286394557828     
          33       12089  0.283857703      -90062.622278911571     
          34       10636  0.298797578      -91017.497789115645     
          35       10227  0.314523757      -91450.755102040814     
          36        8697  0.341873646      -92517.499584278150     
          37        7970  0.359867007      -93637.398601662891     
          38        7281  0.378807396      -94574.512339380191     
          39        6707  0.398744643      -95521.478344671195     
          40        5870  0.419731230      -96314.237055933481     
          41        5489  0.441822350      -97306.379100529099     
          42        4753  0.465076178      -98122.506500377931     
          43        4523  0.489553899      -98603.851133786855     
          44        3801  0.532123804      -99670.343159486016     
          45        3521  0.560130298      -100912.64714663643     
          46        3074  0.589610875      -101678.65593348451     
          47        3078  0.620643020      -102223.96352985638     
          48        2858  0.653308451      -102422.70111489040     
          49        2592  0.710117877      -103352.72362055934     
          50        2392  0.747492492      -104124.89512471655     
          51        2159  0.786834240      -104646.15992063492     
          52        2033  0.828246593      -105349.36764928194     
          53        1816  0.871838510      -105597.84274376417     
          54        1690  0.947650492      -106061.11812169311     
          55        1281   1.03005493      -106929.71139455782     
          56        1238   1.08426833      -107317.47535903250     
          57        1071   1.17855251      -107623.46995464852     
          58        1022   1.28103530      -108383.57526455027     
          59         941   1.34845829      -108775.19431216932     
          60         774   1.46571553      -108922.05402494331     
