        3995        2975        2914        1894        1053         393         452        1052        1051         331         990         330
        4804        4864        6124        7444        8823        7443        6063        7323        8702       10083       10084       11463
        2608        2668        2729        1768        2728        3868        3927        3867        3806        2725        1766         866
        5048        5049        3850        5050        3790        2770        2830        1871        1931        2890        2949        2049
         705        1605         764        1604        1664         825         886         227         286         945        1785        1784
        1593         752         811         150          89          88         688         687         746         146         807        1587
        1875        1815         975         314          15          16         376         436         496         435         495         555
        1884        1044         383         323         382        1102        1161         561         500         440        1101        1940
         220         280         939        1719        1778        1717        2677        3756        2675        1655         755         695
        4005        4064        2924        1964        1123         523         462         402         463         522        1181        2081
        3019        3078        3017        4098        5299        6559        7880        7879        7940        7939        6620        5360
        1379        2220        3240        2221        1321        2162        2102        2043        1143        1204        2104        3065
        7563        6303        5043        5103        5104        3905        3846        3786        2705        1745        1744        1805
         137         138         738          79          78         678        1517        2478        2479        2419        3500        4760
         479        1140        1079        1019        1799        1800         900         300         241         901         902         243
         421         481         482         422         363        1022        1863        1862        1803        1743         843        1623
        4939        6259        6200        6201        6202        6143        7403        8783        8842        8901        8902        7521
        7346        6027        7348        7288        8728        7408        6087        4826        4885        4886        4947        5006
       14835       13395       11956       10516       10456        9077        9016        8957        8897        8837       10217       10278
        2947        1988        1088        1089         428         367           7         247         186         845        1684        1624
         771         831         170         109         108         767         828         228         287          47         407         466
         458         518         577        1237        1176         456         397         997         938        1779        1838        1837
        1318        1319        1258        1198        1199        2039        2098        2998        4078        4077        2937        2876
        1324        2164        3125        2166        1327        2168        3129        3069        4209        5349        5289        4029
         535        1196        2036        2995        3054        4194        3115        2095        1195        1254        1194        2034
       10998       11057       12438       11059        9678        8238        6917        5658        5597        6797        6737        5477
        3965        2945        3004        4083        4084        5344        5343        5342        4082        3002        2041        1202
        1952        1893        2854        2853        2794        2795        2796        1835        1896        2856        2797        2857
        2347        1386        1385        2345        3365        3306        4505        5765        5824        5763        5822        4563
        3447        2368        1408        1468        1528        2548        2488        3568        4769        4710        4771        5971
        4851        4910        4850        6109        6108        6167        6166        7486        7426        6046        4846        3706
        3800        2660        3741        2601        2602        2542        3621        4881        4822        4821        4762        4701
        6042        4783        4723        3583        3584        2505        3586        3527        3526        3465        3525        2445
        1446        2406        3485        4685        5945        7265        7266        8706       10086       10027       10026       11466
        1064        1004         404        1065         465         526        1185        2025        2085        1244         585         586
        1647         806         865         804         204         265         325         925         205         206         267         927
        3873        5133        5073        6332        6272        7591        8911       10291       10352       10292        8913       10293
        3947        2867        1907        1067         347         348        1068        1128        1968        2868        2807        2747
         952         352         412        1071         471         532         591         592        1251        1190        1129        1188
        7688        7747        9126        7806        7865        7926        6546        6606        5406        5405        4265        3245
        5609        5549        5610        4410        4351        3271        2251        2252        1352        2132        2131        3031
        2659        1698         918         979        1040         980        1821        1820        2840        3980        4041        3982
         504         503        1164        2064        2124        2125        2066        2007        2006        1106        1167        1226
       11925       10545       11924       10484       10483       10422       10361        8981        7661        6401        6462        5201
        2153        1253        2033        2093        2993        3052        2991        1971        1911        2811        2870        3951
        9045        7666        9106        9166        9227       10667        9286       10665        9284        9225        7845        6525
        5058        6378        6438        6439        6440        5181        5182        5122        5062        5061        5060        6380
        4302        4241        5381        5321        5261        4121        3041        2021        1180        1239        2078        2138
        4216        4155        5356        6616        6555        5295        6554        6613        6674        6673        5473        5533
        8194        6874        5674        5613        5553        4354        4293        5433        6633        7952        7951        7892
         278         277         216         215         214         875        1775        1834         994         933         934         273
         217         158         819         820         100         760         700         641         702        1602         762         162
         652         713         773        1553        1494        2514        3654        3653        3652        3713        3772        2692
        1466        1526        2546        2545        2484        1464        2423        1403        2363        3383        3322        4521
        3762        3703        3644        2563        2502        1482        2443        2504        1484        1485        2385        2386
         714         114         115         774         775        1675        2635        2694        3834        2755        2696        3716
         785          65         724         664         604        1443        1383        2343        2283        3363        4623        4622
         796        1635        1574        1514        1513         674         675        1516        2416        3556        3616        4817
        1145         425         364         305         964        1025         966        1866        2827        3967        5167        3968
        4774        4834        4893        4892        3632        2492        2551        2610        2611        2672        2671        1771
         646         647        1547        1608        2567        3647        2507        2508        1549         710         110         171
        1014        1073        1134         474         415         416         357         356         297         957        1797        2758
        1151        2051        3012        2053        2113        1274        1335        2115        1215        2056        2956        2895
        3149        2249        3209        4229        4168        4107        4106        5306        6565        6625        5365        4165
        9117        7737        6417        5157        3897        5037        3838        3899        5039        5098        3898        2818
        3171        4252        5453        5452        6712        6771        6830        6770        6710        8030        9350       10731
       10870       10809        9429        8049        6729        6668        5408        5348        4088        3007        3067        3128
       13981       12481       12542       11102       12541       13982       13983       12544       11105        9724        9783        9842
        7167        5907        4646        4706        3566        4765        6025        7285        5905        7165        8545        9924
        4552        3351        3411        4610        5869        5929        5930        7251        8691        8692        8693        7314
        2585        2526        1506        2467        1508        1448        1449        1450         670         671         672        1512
        2708        3789        4929        3669        3610        3611        3551        4750        6070        4810        4871        3672
        1524         683         622         682         621        1460         680        1519        2480        3560        4761        3501
        3589        4790        3530        3470        3531        2450        2511        2570        3590        4789        5989        5990
        4852        4793        4854        6174        7493        8873        8872        8812        7372        7371        7370        7310
        2538        2599        2658        1697        2717        2657        3736        3676        4877        4818        4758        3618
        1901        1902        1002         941        1780        1721        1782        1781        2681        2621        2560        3639
         249         250         850        1689         848         128         127         727        1627        1686        2646        1685
        2082        2982        2022        2922        3942        3882        2803        1783         942         283         883         884
         201         861         862         803        1644        2604        2663        2723        3863        2782        2722        2781
        2976        3036        3097        3157        3156        3217        3278        4358        5557        5497        6697        7957
        3309        2289        2349        3489        2469        3548        4748        4809        4868        4928        3727        3787
        1109         448         449        1169        2008        2969        2069        3029        2070        2130        3091        2071
       13361       13360       11980       12041       12101       13542       13481       13422       14802       14863       14923       14984
        3988        3929        5129        5190        5249        5188        6508        7888        7889        6569        6629        7949
        2111        1272        1332        2173        2233        3253        4334        4395        4396        5595        5596        5537
        6317        6256        6197        7457        7517        7578        6198        6199        6140        4879        4820        4819
       12219       12278       12217       12216       12156       10775       10715        9335        9276        9215        9154       10474
        9273        7893        6573        5314        6514        6515        6575        5315        6635        6695        5434        5435
        4367        3286        3226        4307        5506        5446        4186        4187        5386        5325        6585        5326
        6842        8102        6722        6721        6780        6779        6838        5579        4380        4320        4321        4261
        8186        6867        5607        4347        3266        4286        4227        3087        2127        2187        1346        2246
        5679        5680        5681        5682        4422        5623        5624        6885        8265        8325        8326        9707
        6893        6894        5694        4434        4374        3293        3233        2272        2212        3172        3113        2152
        3248        4388        5648        5647        5586        5585        6844        6784        6723        8044        8105        8045
        2270        2269        1369        1370        2210        3169        4309        4250        4189        5389        4249        4308
        7063        7062        8443        8383        9764        9765        8385        7006        5746        4485        4546        4547
        5816        5757        5817        4617        3477        4737        4798        4858        3718        2637        2697        1738
        2322        2381        3401        4600        3460        2380        1420        2379        3458        3457        3518        3577
        3375        3436        3435        2356        2297        2357        2418        3498        3438        4698        4759        6079
        1532         691         630         689        1530        1589         748         809         869         269         268         208
        3391        4592        4652        5972        4711        3510        4770        3569        4829        6149        7409        6090
        4736        4677        5997        7317        7258        5939        4679        3479        4619        5880        5761        4561
         721        1501        2461        3481        4740        3600        4860        3720        3780        5040        3839        3900
        6402        5202        4001        2920        3940        2860        2800        2741        3822        5023        6283        7604
        2146        3046        2985        4065        4006        5146        3945        2805        3825        3824        5025        3826
        4317        4256        5456        4196        4197        5398        4258        4199        5459        6719        6718        8039
        5102        3962        3903        3843        3783        2702        3722        4922        4921        6121        6180        6240
       14613       13173       14673       13234       11734       13114       13174       13115       14556       14615       13235       13294
       10868        9488        9487        8107        6788        6847        6846        8165        9546       10926        9606        9666
        6455        7715        9094        9153        7772        6453        5192        3991        5191        6511        5311        5250
        2628        2688        2749        2810        3830        5090        5150        6470        6411        6351        5031        5032
        9245        9305       10686       10627        9247        9308        9248        9188        7748        6428        5168        5228
        6405        6404        5204        6463        7723        7662        7663        9103        7783        6523        7844        7904
        9200       10640       10701       10760       10820        9380        9321        7941        7882        7943        7883        9262
        9149       10529       10470       10530       10591       10651        9331        8011        6692        5432        4231        4171
       18063       16683       15243       15303       13863       15304       15305       13805       12364       10983        9602        8282
       14641       13261       11821       11880       10500        9119        9179        7859        7920        6660        5460        4259
        4431        4430        5629        5569        6828        8208        8209        9588       11028        9649        9708        8327
        6709        6768        8087        9467        9466        9406        9347       10728       12109       10669       10670       10729
        5270        5211        5271        6591        6650        6649        6648        7967        9287        7908        7907        7906
        6935        8315        8316        8257        6936        6877        6816        8076        8077        9397        9336        9277
       11078        9638        9578        9518        9459        8139        6820        6761        5500        5560        4361        3282
        9739        9738        8358        8417        8478        7098        7099        7039        6980        8361        9742        9801
       11252       11192       11131       11132        9751        9752        8372        6993        7054        8433        8434        7055
        8681       10062       10061        8680        7301        5921        4662        3462        3521        3520        3580        3640
        1498        1559         719         658         657        1557        1616         777         118         179         899        1679
       15544       16924       16864       16805       16866       15486       15547       15607       14167       14108       12668       12667
        6974        8355        7035        5716        5717        4517        4518        4519        5839        5900        4700        5960
        8624        8564        8565        9946       10007        8628        8627        8568        8629        8569        9950        9891
        8715        8714        8653        7273        7274        7334        7275        7276        6016        6075        4815        3675
        2618        2558        2498        1538         697         698         637        1537        1596        2556        2496        3516
        4777        6036        6095        7415        6035        7354        7295        7236        5915        5916        4716        4776
        7524        7464        8845       10224       10225        8846        8907        8848        7528        7527        6207        6208
       11624       11565       10125       10065       10126        8746        7306        7367        7368        7428        6168        6169
         192         792         791        1571        1631        2651        3791        3852        3792        4932        4872        4812
          35         334         274         874        1713        2673        3754        3755        4956        3757        3758        3759
       10552       10551       10490        9109        7669        7609        6229        6228        6287        4967        3827        2687
       11513       12893       12834       12895       12894       11455       10135        8815        7375        8695        8756        7376
        6372        7632        7571        7570        6310        5110        6430        7690        7751        7811        9251        9190
        5773        4573        4574        4515        5835        5896        5897        7217        7278        5959        6018        6078
        2713        1693        2653        3734        3794        4993        6313        5113        6433        6493        7873        7874
        1218        1217         497         498        1098        1099        1938        2838        1877        2897        3977        5178
        8980        8979        7539        7600        7660        7719        7778        7777        9217        9156       10476       10537
        9116       10436       11816       11756       11697       10318       10257       10256       11696       13196       14576       13076
       11887       11948       10567       10506        9125        9065        7684        6424        6483        7802        7863        6542
       13552       12111       12170       10850        9530       10910       10971       12291       10912       10972       11031       12351
        1338        2177        1337        2176        3196        3257        3198        3259        3260        4339        4278        4218
        4392        4331        4390        5590        6850        8110        8051        9371       10811       12192       12132       12072
       12328       12327       10947        9627        8248        9688       11008        9568        9508        8129        8190        8250
        5124        5185        5184        6504        6503        5303        5362        6682        6743        6742        5542        4402
        5691        6891        6832        6773        6714        8094        9474        9415       10794       12173       12174       12115
        4315        3295        3235        2276        2217        3178        2278        3298        4378        5638        5637        5636
        1343        2243        2182        3202        3263        4344        5543        6803        8122        8061        8001        6621
        7388        7387        7327        5947        5887        4628        4569        4508        4509        5769        5710        5711
       12918       12977       11477       11418       10039       10099       10158        8779        7399        7340        6019        4699
        4582        4583        5783        4524        4584        5843        7163        7222        8602        7282        7283        7284
        9762        9761        8381        7000        7060        7061        5741        4480        5800        7180        8559        8500
       14258       14198       14197       15577       16957       18337       17017       15697       14377       14378       15818       15877
        5986        4666        5866        7186        8506        7126        7125        5804        4484        5743        4482        4543
        8589        7210        5950        5889        4630        4631        3432        2292        2351        2412        1453        1452
       10154       10214       10275        8955        8895        7514        7453        7394        7393        6072        4813        3614
        4865        6126        6066        7446        7505        6186        4927        4986        4985        3784        2703        1683
       11325       12764       12703       11203       11263       12704       11324       11323        9883        9882        9941       11322
       13163       13104       13045       13105       13166       11727       10347       10287       10228       11608       11547       10167
       11591       11531       11470       11469       10088        8708        8709        8710        8651        8592        8531        8590
       13051       14431       12992       11612       10172        8792        7413        8793        8732        7412        7351        6032
       11525       11586       10266        8887        8948        7568        7509        8829        7450        7451        8830       10150
         889        1730        1791         951         950         291         350        1010        1849        1789        2750        2691
        7422        7423        6102        6163        6224        4965        4905        6165        6104        4845        4784        3585
        5033        5094        6354        6355        6295        4975        6175        7496        7497        7556        6236        6297
       10340       10400        9021        7581        7522        8962        7642        7643        7704        7763        7762        6443
       16171       14790       14849       16229       16289       17668       17669       17670       16350       16409       14969       14968
        6279        6280        5019        4959        6218        7537        6217        6276        6335        5076        3877        5077
        4951        4950        5011        5071        6330        7651        9091        9152        9093       10413       11853       13353
         528         589        1249        2088        2988        3049        4069        5209        3949        5089        6349        7668
       18029       16709       15330       13950       13951       13890       15270       15209       16590       16529       15150       16530
        1813        1873        2773        1812         973         313         372         371         370        1090        1149        1209
        9340        7961        8021        9461        8081        8082        8083        9403        8023        7963        8024        8084
        9253        9254       10634       12014       10635        9255       10575        9135        9134        9073        9013        9014
        6617        6678        6679        5420        4221        4282        4223        4284        4345        5605        4404        4405
        6871        6932        8312        8313        8314        9693        9633        9573        9572        9631        8191        6811
        9561        8181        6921        6920        5600        4401        4340        5540        6800        5539        5478        6739
        4495        4494        5755        7015        7014        8454        8455        8515        7136        7137        8577        8517
       11237       11298       12738       12739       14178       14117       12617       14056       14116       15496       15435       14055
        7042        5721        4460        4520        4579        5840        4581        3381        2361        2300        3440        4640
        6999        6998        8378        9758        9819       11259       11318       11317        9997        9938        9939        8619
       11217       11277       11338       11398       10018       10079        8700        7320        8641        7201        5882        5883
       11408        9968        9967        8586        7205        7146        7147        8526        9905        9846        9785        8345
        4476        5737        7057        5738        5798        5859        5919        5978        4778        4837        6157        4897
        3408        4607        4608        3348        4549        4490        5749        7068        8448        8449        9889        9948
        4473        4533        4594        4653        3453        3394        2315        1415        1474         634         694        1535
       16240       16181       16120       17440       17501       16122       14743       14804       14805       16184       16183       17562
        6058        4738        3598        3597        2516        3596        3535        4675        5935        7195        7255        8634
       13324       13264       13204       14584       15965       15966       14526       13087       11648       10267       10268       10208
        8665        8664       10043       11424       11364       11425       11426        9986       11366        9987        9928        9929
        6536        7796        7795        7856        7915        9295       10674       10673       12054       10734       10793        9473
        3311        4511        5831        5891        5952        4692        3493        2353        2293        2354        2415        2414
       16102       14722       13342       14783       13344       11964       10524       10583       10582       10581       11960       13340
        2978        4059        5199        6460        6399        7720        9160        9219        9218        7898        7958        7897
         953        1733        1734        1795        2815        1915        2875        3954        2873        2813        2752        2693
        6604        7923        9303       10623        9183        9122        7742        6421        5101        6361        5161        5220
        6507        6446        6386        7646        6327        7647        7588        8968        9028        8969        7590        8970
       13504       13444       11944       11883       11882       11941       10561       10622       12062       10681        9361        9421
        5698        6959        8278        8279        6960        8340        9661        8281        6901        6902        5582        5643
        9282        7901        7900        6580        6640        5379        5378        4179        4239        5438        6698        8018
        5391        5332        6532        7912        9352        9293        9234       10554       10555       11936       11937       11996
        5654        6914        8235        9675       11055       10994        9613        9612        9553        9494        8115        8056
        4305        4246        5445        5444        4184        4243        3103        3162        2202        2263        3223        3284
       13678       13739       13738       13797       12357       10976       11035        9656       11036       11096        9715        9654
       10945       12385       12386       11005        9626        9566        8246        8245        6924        6864        6804        6805
        9704       11084        9703        9643        9584        8203        9583       10962       12343       13782       15222       15223
       19490       18050       16610       15170       13730       12289       12349       12288       12227       12168       10789       10790
       16800       15419       15480       15361       16801       18182       18122       18181       18300       16919       15599       14220
        7010        7070        7011        7071        8450        8389        8390        8451        9831        8452        8393        9772
        8655        8596        8535        8534        9913       11294       12794       12855       14296       14295       14354       15794
        5872        5933        4672        4613        5813        5814        4555        3355        4615        3414        3413        3474
        3389        3388        3327        3326        4527        4468        4469        4530        3390        2311        2372        2371
       16784       16785       15405       14024       12524       12525       12526       14026       15407       16787       16788       15408
       11452       11451       10011       10010        8570        8511        9892        9893        8573        9953        8633        7253
       10183       10182       11561       11621       10240        8800       10179       10118       11438       11379        9999        8620
        8997        8998        8938        8939        8880        8819        7379        6060        6061        6001        4681        3482
       11764       10384       10323       10382        8942        7561        7501        7620        7559        7560        7441        8761
       10599       11979       12038       11977       13357       13298       14678       14618       13118       14498       14437       15757
       15738       15799       15858       15917       14597       14658       16038       17478       18859       18860       20120       18801
       10358       10419       10420       10481       10540       10480       10541       10602        9223       10603        9222        9283
       13151       11712       13092       13153       13093       11713       10393       11833       11892       11953       13393       14834
       11992       13432       11932       10553        9173        7733        9053       10493       11874       13314       14753       14754
        7991        6611        6551        6550        7871        9311        9252       10633       10694       12134       13574       13515
       10576        9136        7816        9256        9317       10698       10697       12137       12138       13579       13640       13701
       12104       13484       12044       10724        9343       10783       10842       10781       10782       12163       13663       13603
       19206       17826       16445       15005       16386       17706       16325       17705       16265       16206       14766       14705
        8157        8097        9476        9416        9356       10736       12176       13676       13617       15058       15117       15176
       15003       13562       12122       10802       12183       12184       10864        9544        9604        8284        8223        8283
        8184        9504       10883       10942       11002       12382       12323       12262       12263       13763       13704       15084
        8322        9642        8262        8321        9700        8320        9640       11020       12340       12400       12339       12280
       13657       13658       15038       13598       15039       14980       15040       13540       13601       12161       12221       10841
       13862       12421       11041       11100       12480       12419       11039       10980       10979        9598        9659        8219
       13907       15346       15285       13845       12405       11026       10965       10906       10905        9585        9646        9647
       13914       13975       13915       12474       13854       13793       12352       12293       13673       13733       13794       15234
       18008       16629       16570       15250       13809       13868       13867       12427       12367       12308       12249       12250
        9748        8369        6989        8429        7049        8430        8491        7171        8551        9930        9989        8609
        8745        8744        7304        7363        7303        7302        7242        8622        8623       10002       10001        9940
        5707        7026        7027        7088        7029        7089        8468        8408        8347        9787       11107       11108
       12518       12579       11199       12638       12577       11197        9817        9818        8437        8436        7116        5795
       19691       19630       18370       18310       18249       19568       18308       18307       18367       19686       19685       18366
       14146       14086       12646       11206       11147       12587       12528       12589       14089       14029       14088       14028
       15726       14286       12786       12785       14226       15606       17046       17105       18545       17165       18605       18664
       15506       15565       15564       17004       18383       18443       18503       17122       17062       15622       15561       14181
       10170       11550       10110       10050       10049       11428       11487       10106        8727        8787       10168        8788
       17524       17584       17643       17642       19021       19081       19140       20460       20520       20579       21840       23039
       10156        8776        8775        7455        6135        7454        7513        8892       10212        8832       10211        8771
       12943       12942       11562       13003       13063       14503       15943       14623       13184       13245       14686       14626
       15613       16992       18312       18251       16871       18191       18132       16753       15373       16754       16815       16756
       11634       13073       13072       11631       13070       13009       13069       11630       13130       14571       15950       17270
       11658       11718       13157       13096       11655       13095       11715       13155       13215       13275       14714       14773
       17150       15830       15829       15768       15827       17208       17269       15949       14568       14627       14687       13187
       14347       14407       14467       15846       15845       14466       14465       14524       15903       17283       17284       17343
        5232        4092        4151        5411        4211        5412        5353        4153        4213        3134        4215        4156
       10295       10235        8856       10237        8797        8857       10177       10176       11616       12996       14376       12936
       13287       11846       11786       11725       10345        8965        8964        7644        9084       10464       11843       11904
       13147       14588       13208       11768       10448        9069        9070       10451       11830       10450       10511       10571
       10289       11670       11729       11789       13228       13169       13109       13050       13111       13052       11611       10171
       13740       13681       13621       13561       14941       13441       14881       13500       12120       10740        9420       10741
       14950       16270       16330       16389       15009       13568       13509       13449       12069       12070       12131       13511
       13532       12093       12034       12033       11974       11975       13355       13296       11796       10356       10415       10354
       15134       15073       15012       15072       13631       13692       13752       12313       10873       12252       12191       13691
       15350       15349       13910       13969       12469       11090       11091       11092        9652        8332        8272        8333
        9556       10935       10936       12315       12314       10874       10814        9433        7993        7992        9432        8112
       12145       13584       13585       13645       15086       13706       12265       10825        9445        8066        6745        6746
       14404       14405       14344       14284       12784       12783       11344       11343        9903        9902        8462        9843
        4464        4525        5786        7046        8366        8426        8486        9865       11246       11186       12626       12625
       12644       12643       14023       15402       16842       16901       15522       14082       12582       11142       12581       12580
       12622       11182        9803        8363        7043        6983        8364        9744        9805       11185       12685       14065
       18129       16809       18188       18189       16810       15429       15368       16747       15427       14047       12607       12546
       12572       14011       15451       15510       15570       15631       14311       14310       12810       12751       14191       15572
        3361        4501        4441        5701        5760        5759        5818        7139        7140        8461        7081        7142
        8350        8349        9789       11169       12610       11230        9790        9731        8411        8471        9911        9971
       15397       16777       16836       16835       16834       15394       15453       15513       14073       12633       14072       15392
        8399        7018        8398        9838       11219        9899       11339       11340        9901       11221        9841       11222
       12788       11348       11289        9909       11290       12670       14111       14171       12732       11352       12852       12792
       14691       13250       13249       11749       11808       10368        8928        7488        7489        7490        8810        8809
       12149       12208       10829        9389       10768        9387        8008        6688        6747        5488        4228        5429
        8994        8993       10313       11753       13193       14693       16074       17454       16075       16016       15955       15956
       18747       17366       15985       15926       14486       12986       14426       14366       14305       14306       15685       15684
        6083        7343        8722        8661        8721       10100       10160       10221       10280       11600       11601       11661
       13331       13390       13329       13269       13209       13210       14590       13090       11649       13029       12968       13027
       17268       17207       18587       17267       18647       17327       16007       17447       18828       18768       20089       20150
       17333       17392       17451       18891       18952       19013       17573       16192       16132       16193       16253       14813
       20251       20311       20371       18991       18932       17553       16233       14852       14792       14732       13293       13233
       17818       17817       17816       16376       14997       13497       12058       12119       10739       10799        9418        8098
        9147        7827        7886        9266       10646       10706       10707       10648       12029       11968       12027       13466
         446        1107        1887        1047         986         326         985        1885        2785        3864        5065        3805
       16343       16404       16465       16406       16347       17667       17606       16227       16168       17549       18929       20309
       16116       16177       14857       14918       16238       16297       14917       14916       14975       13595       15034       16413
       14998       14937       13498       13439       14880       14819       14760       13319       13379       14820       16140       16139
       15181       16562       17941       19381       18060       17999       19319       19318       17937       16558       16497       16437
       15240       15300       16740       15360       16739       15358       13978       13917       13916       13977       15357       16738
        8170        9549        9608        9669       11049        9670       11050       12430       12371       12432       13812       13811
       14960       14900       13461       13521       12080       12019       10638        9198        9199       10578       11959       11900
       18113       18112       18111       16671       16611       16552       16553       16494       15114       16495       15175       16555
       13948       15328       15327       13886       15325       15265       13824       12444       11063       11062        9683        9623
       16342       14963       13583       15083       15142       15203       16582       15262       16702       16701       16700       18079
       13577       15077       16456       17835       16455       16395       15014       14953       14892       14833       14894       14893
       23080       23019       21879       20559       20560       19300       17921       16601       15161       15100       15041       13602
       20539       20540       19219       17839       16459       15078       13639       12198       10817       10816        9435        8055
       11015       12396       12395       12394       12453       13953       13893       13894       15274       13774       15215       16535
       18109       19488       19487       18107       19486       19485       19424       18104       18044       19484       19425       20745
       11481       12981       14420       14481       15801       15740       15679       15619       15559       15498       16878       15497
       11160       12599       11158       11157        9776        9835        9775        8395        7016        8396        8457        9897
       15484       14104       14103       15423       15422       14102       14161       14221       15661       15780       15840       17280
       14098       15478       16857       16917       18297       19618       20879       22078       22077       20817       19557       18236
       11372       11371       11431       11432       11433       10054        9995        9934        8553        7173        7114        8495
       21000       21060       22201       21002       19802       18483       17163       17162       17221       18601       18661       18720
       11643       11583       13022       12961       11521       12901       12902       14402       14342       15721       14400       15779
       18569       18510       18450       17069       17070       17011       16952       18331       19591       19592       19653       19594
       17025       15645       14325       12884       14323       15704       15764       14385       14386       14387       14447       14508
       20974       19715       19716       19776       18456       18516       19835       21035       21094       19833       19773       21034
       14578       14638       13138       13198       11818       11878       13317       14756       14815       13375       13435       13496
       13160       14599       14539       14479       14540       15921       17361       17300       18620       18679       17299       18678
       18621       17181       18561       17182       18563       17184       18565       19945       20006       20067       21327       21266
       16279       17660       17599       18980       17600       16160       14720       14660       16100       17481       17422       18742
       11686       11625       11684       10364       10365       10305       10304        8864        7485        8865       10244       10184
       15051       16491       17811       17751       17752       16373       16313       14933       14994       14995       13554       13494
       21736       21737       20478       19098       19038       18977       17657       16337       16276       14897       14838       13398
       14855       16175       16114       16173       17613       17674       17734       17733       16353       14974       16355       16354
       16118       17558       17559       18879       18880       20201       20200       20139       21399       20138       21338       21339
       19308       19368       19307       17926       17867       17866       16426       16365       16425       17865       17805       17744
       11748       10308       10367       10428       11868       11929       10548        9167       10546       11866       13246       14746
       13748       12248       12187       12127       12066       13446       14887       16266       16326       14886       13447       13388
       13426       13486       13546       12106       12165       13665       13725       13786       15166       15105       15044       15103
       24081       24082       23062       23061       21861       21860       21920       20661       19340       17960       18019       16579
       16397       17837       17898       16517       15137       13696       12257       10878        9497        8117        6796        5476
       15272       15212       13772       12392       12331       12390       11009       10950       10951       10891        9571        8131
       20948       22208       21007       19687       20887       20886       22085       22086       22025       23165       24185       25085
       18414       17033       15652       14272       12772       11331       11332       12771       12710       11210       11269       11268
       16880       16881       18261       18322       18381       18441       18500       18439       19819       21079       21020       22219
       12566       12567       14007       15386       15445       15444       16884       16944       15563       14183       14122       14062
       20865       20864       20803       20862       20922       19661       19662       19603       18283       18344       18403       19663
       18556       18495       17114       15674       15735       14415       14474       14533       14534       13034       11593       13033
       18410       17030       15649       15650       14269       12830       11389       11448       12888       11449       11509       12950
       15868       15929       15869       15808       17189       17129       15748       14369       14309       12929       14368       14427
       18763       20083       20082       20142       21403       21344       21405       20145       21404       22664       23804       24704
       19875       19876       19935       19995       21255       21196       21257       19996       18676       17297       17296       15976
       15750       15751       17131       17192       15752       15753       14374       12874       12813       14254       15634       14314
       20274       21474       20215       20275       20216       20155       18836       20096       18716       17396       16076       14636
       19127       19068       19007       18948       17628       17629       17569       16190       16130       16189       14869       13430
       11751       11752       10312       10372        8991        9051        9110        7730        9170        9231        9230        7910
       19016       19076       19136       20456       21717       20458       20518       19197       19257       19198       20578       21839
       14842       16162       17602       18982       18922       18983       20363       20303       20243       20183       20122       20181
        2135        1294        2133        2073        2013        2974        2973        3034        4113        5312        6512        7832
       21478       20278       20338       19017       19078       19079       17699       17759       16439       15059       13618       12177
       18958       17518       16137       16197       16258       16319       16380       16261       16262       16263       14882       14943
       18028       19468       19409       20729       21989       21990       21929       23069       21869       21808       21807       23007
       16210       16150       16209       16268       17648       19028       20349       19089       19149       19209       17769       17708
        9455        9454       10833       12213       12153       12214       12273       13714       13715       15154       16474       16475
       17803       17802       17861       17800       17799       16359       16300       17680       16301       16362       15042       13662
       20426       21687       21746       22945       21805       23006       24087       25048       25828       24928       24028       22947
       19230       17849       17848       16408       15088       13648       12207       10826       12146       12087       13587       13527
       16429       16490       16550       17990       17989       18049       17988       16608       16607       17927       17986       19426
       13817       13878       15318       15317       15256       13816       15255       13755       12316       13757       13758       13697
        8541        9920       11300        9921        8601        9982        9922        9863       11183       11124       12565       12504
       11120       12561       14002       14003       15382       15442       15381       15440       14060       15500       14121       15501
       19622       19621       20821       22022       22023       22082       22141       23161       22081       22080       22079       20939
       12736       14177       15617       16997       18377       18378       18319       18259       18200       19580       18320       19640
       20859       19539       18279       16959       15519       15520       14080       15400       15459       16839       18219       16899
        9961       11401       12900       14339       14279       14219       15598       15657       17037       18477       18417       18418
       22263       21064       21125       22265       23405       24425       23466       23525       22445       21305       22506       21306
       14542       14483       15803       14363       12924       12983       12982       14482       15863       17303       18743       20063
        9357        9297        9237        7857        6538        6597        7977        6656        5336        5276        4075        5275
       12135       12076       12017       13457       14837       16217       16157       14777       14778       13338       11899       13399
       15987       14667       16047       15988       17369       17429       16050       17431       18871       18811       20071       18691
       20225       21485       21484       21545       22746       22747       23828       23829       23888       24847       23887       23946
       13231       13292       11912       11972       13411       13471       14971       15031       15092       16473       17854       17915
       21637       20377       18997       19058       19117       19177       19238       17798       16478       16477       16536       17856
       16441       17761       19201       20581       21781       21782       21783       22923       22863       21663       22803       23884
        8119        8118        9558       10939        9559       10879       12260       13760       12380       11000       11061       12440
       19029       17589       17530       17531       17591       17652       18972       20352       19092       19151       19090       17710
       16662       16603       16602       16663       16723       18103       19482       20742       22002       20682       21943       21942
       20758       22018       23158       21898       23038       24119       24060       24961       24902       24843       24904       24963
       19265       20585       19325       19386       18005       16685       18066       18007       16627       16567       16628       15308
       18024       19404       19465       18086       18027       16587       16648       15208       13768       12268       12269       12210
       20680       19359       17978       16599       15219       15158       16537       16476       16416       17736       17795       17855
       22148       20949       19749       21069       19809       21068       22267       22328       22329       22389       23469       24430
        9736       11116       12496       12555       12614       11173       12613       12554       14054       15494       15555       16875
       23210       22131       22070       20810       19550       19549       18169       16790       15411       15412       14033       12592
       17331       17271       17332       17273       17272       15832       14453       14513       14454       15774       17154       17155
       19761       21022       20961       22162       22221       22160       23300       24259       25100       24320       24321       25160
       20806       20807       20867       22068       22129       20989       20929       19669       18409       18470       18469       17149
       20798       20797       19536       18276       19595       19534       19533       20853       20913       20973       22172       20912
       20932       19612       19673       19613       19554       20815       20814       22074       20875       22135       22136       22196
       15529       15528       14208       12768       12767       11387       12826       14206       14145       14204       12824       11384
       16948       18329       16889       15509       14069       12689       11249       12688       11308       12748       14248       15568
       18611       19871       21131       22391       22332       21132       22392       23532       24432       24491       24551       23590
       18690       18629       18628       18627       19887       18507       19767       19768       19707       18387       18448       17128
       10138       11517       11577       11576       12956       14396       15777       17158       18537       18536       18535       17215
       18552       18551       18612       19992       20053       20112       18792       18731       17350       17409       17348       17289
       21427       20167       18848       18907       18846       17406       17347       18667       17227       17288       15908       14468
       16104       14725       14724       16164       16163       17544       18984       18924       17484       17423       17363       18803
       22789       23809       22729       23810       23871       23930       23991       24050       24049       22969       21768       22967
       14987       16367       15047       15106       13667       15108       15109       13609       15049       13610       12169       12110
       22611       21351       21291       22431       22491       22432       23513       24472       24413       25253       25254       25974
       15910       14470       14410       15850       15790       15731       14351       14412       15793       15854       17235       17175
       14736       13297       11858       13299       14679       14740       16119       16058       15997       15938       15937       14497
       17713       17654       17715       17716       19096       19036       18975       19034       20414       21734       21793       21733
       21607       20347       21608       22868       22929       22988       24068       24127       24126       24065       24965       25024
       22878       22939       22940       21741       20541       20601       19282       17901       17841       16462       15081       13641
       22534       21394       20134       20074       18814       17435       17496       18816       18757       18698       17317       17257
       22911       21712       20453       20394       19134       17694       16315       17696       17635       17574       17634       17695
       20556       21756       21695       21754       21755       23015       21816       20616       20615       19294       17914       17973
       17952       17951       19330       20710       19389       19449       19448       19447       20707       20648       21848       21849
       18095       19474       18093       18092       19471       19472       19412       19351       19352       19413       20733       19473
       11082       12461       13902       13901       12460       13899       12458       11018       10957       12336       13777       13718
       19649       19588       19528       20789       20848       22048       22047       20846       20785       19585       18205       18266
       18402       17082       17081       15701       15642       15641       14201       14200       12700       11320        9880        8560
       14037       14096       14095       14154       14215       12776       11396       11336       11275       11214       11153       11152
       18715       19975       19914       19853       18533       19793       21113       22312       23391       23390       22370       22311
       11134       12514       14014       12634       12694       12755       11375       12816       12876       12875       14316       14317
       17393       18833       18774       18773       20033       21294       22554       23634       24654       24653       25553       26153
       22215       21014       19814       21073       21012       22213       22214       21074       19754       18435       18496       19815
       18394       18454       17134       17194       17253       18633       17313       15934       17315       17256       15876       15935
       23626       24585       24525       25305       25245       25186       25247       24406       24465       23445       23506       22486
       22518       23598       23659       23599       22519       22458       21198       19878       19817       18497       17117       17116
       18481       18421       17042       16983       16922       18302       16921       16920       16979       17039       18359       18419
       21515       20254       20253       21512       22711       22712       22653       23734       23675       24636       25475       26195
       22308       22367       23387       22247       22248       21049       22309       21169       19910       19851       21171       21111
       26236       25577       25518       25519       24680       25521       24682       24743       25583       25524       26185       26246
       26372       25652       26311       25651       25590       26251       26250       25530       24630       24569       25409       26129
       24283       24342       24343       24284       24345       25185       24344       23385       22304       21044       21105       19845
       21690       21691       21752       21751       20431       19171       19170       19109       20369       21628       21569       21510
       21554       21494       21434       20175       20176       21436       21376       20115       20114       18793       18794       17414
       20574       21833       23033       21893       21953       20694       19434       18055       18115       16675       15235       16614
       17964       19284       19285       19225       19166       17786       16346       16285       16226       16167       14847       13467
       16496       17875       19255       19316       19376       17997       18057       18116       18117       19496       19497       19498
       16695       18076       18015       17956       18017       19397       20717       21978       20719       20660       19339       19399
       15315       13874       13873       15314       15313       16633       17953       19393       19453       19394       18014       17954
       18374       18314       16874       18253       19633       19634       20894       19574       19575       19515       18196       18257
       16831       16772       18152       18151       16770       16769       16768       16767       16766       18145       16825       15385
       19624       19684       18363       17043       18424       19804       21063       22203       21003       21062       21123       19864
       23521       22501       23582       24541       24482       24423       25264       25923       25982       25922       25981       26042
       14211       15592       16973       16913       18293       16914       16915       18296       18237       18176       16795       16855
       19918       19978       20038       18718       17398       17338       17277       17217       15897       14518       14517       14516
       21269       22409       23489       24389       23428       24448       24447       25347       25348       26007       25946       25886
       25196       24357       24297       24236       24235       23275       22194       20995       19735       19675       19736       18415
       15549       15609       14289       15670       17110       17170       15789       15728       17107       18488       18547       18546
       22184       20985       19724       19665       18346       16906       16905       16904       18224       19545       18225       19544
       15984       17364       18744       18683       19943       19942       21201       22341       22342       22343       22404       22465
       21146       21086       22346       22407       22467       23607       22587       22646       22645       23665       22585       22644
       25639       24799       23779       24679       23719       22638       22577       22637       22576       23716       24736       23775
       18405       18465       19786       18467       17087       17146       15826       15885       15944       14624       16005       15945
       25281       25941       25282       24382       24383       25223       25883       25944       26004       25404       24564       23544
       23853       24812       24873       24872       24871       24931       24992       24933       24994       25055       25056       24036
       19362       19302       20562       20502       21763       23023       23022       24162       23142       23083       21884       21945
       20211       18951       20272       21533       22732       21531       22731       22672       23752       23751       24651       25490
       21551       21552       20291       20231       20172       20113       18733       17293       15973       16033       16034       16095
       22880       21679       20419       19099       19158       20477       19217       19276       19337       19398       18018       16639
       16085       17525       18965       20345       20344       19084       19144       17763       16443       15123       15182       13802
       24612       25512       26232       26233       25633       25694       25755       25756       25696       24916       23896       23895
       21982       21983       21923       23124       23125       21985       20726       20667       21987       21927       21867       23068
       23557       22477       22536       22597       23676       22656       22715       21516       20256       18937       17557       18936
       18947       20267       21587       21586       20386       19065       19126       17686       17625       16246       16186       16127
       21850       21851       21791       20471       19152       19213       19214       17833       16393       16452       15071       13630
       24085       23065       23064       23003       22943       21742       21683       22823       22822       23903       24862       25703
       21716       20516       21836       23035       24115       25015       25075       25074       25854       25795       25734       24894
       23331       24292       24291       24232       23272       23273       24293       25193       25133       25194       24414       24415
       20965       19765       19706       18385       19705       20964       22104       22045       23185       23246       24205       25105
       20980       21039       19780       19779       18460       18400       18399       17079       18459       17139       17138       15698
       22178       22118       23199       22179       22180       22120       22181       22241       23321       23260       23201       24221
       25203       25142       25141       24241       25140       25199       25198       24418       25259       25318       25257       25317
       18522       18521       17201       18582       18523       19903       18584       19964       19965       21225       19905       21164
       25951       26010       25290       24450       23550       23551       23612       24512       24513       23554       22414       21213
       11579       11639       11700       10380       11759       13199       14579       14580       14640       16020       17400       18780
       20109       21309       19989       19929       19988       21308       22448       22388       21187       19867       19926       19865
       20136       20075       21275       21215       19954       19895       18576       17196       17135       15695       15635       17016
       23500       24459       24398       25238       25299       25959       25898       25958       25358       24517       24516       25357
       24803       24802       25582       26302       26362       26301       25701       25640       25700       24800       23900       24920
       23679       24579       24640       23681       22541       21340       21279       22479       22419       21220       19900       21159
       21583       21522       22782       22842       23982       24941       24881       23861       24820       25659       24819       25658
       20752       20751       19432       19372       19313       19312       20572       20571       21830       21769       21829       23089
       25063       25002       24943       24884       25723       25782       25842       25841       25840       24999       25060       25061
       26291       25630       26289       26228       25567       25566       25565       26285       26346       25626       25687       25747
       20298       21557       21556       20295       20296       20356       21616       22817       22758       22759       22700       22761
       25272       25932       25872       25213       25874       25935       25335       24555       24614       24675       25575       25636
       20313       21574       22834       23854       22775       23915       22836       22776       23796       24756       25597       25657
       24213       23193       23254       23255       23196       23256       22177       22116       20916       20917       20918       22058
       23237       22097       22038       20778       19518       20779       22039       20839       20898       20899       22159       23239
       19907       19847       21106       21046       20986       22126       23207       23266       23205       24225       23264       22124
       25138       25139       24299       24239       23339       23338       22318       22319       22259       21058       21057       20997
       25104       25103       25102       25101       24260       25099       25158       24318       24378       23478       22338       22339
       20910       22170       23310       22229       23308       24208       25108       25107       24327       25167       25226       25887
       21316       22516       23596       24496       24435       23415       23414       23355       24316       25155       25094       24314
       21222       21282       20021       18700       19960       21219       19899       18579       17259       15939       15878       17198
       26390       26389       26330       26270       25611       26272       26212       25492       25432       24532       24473       25373
       11886       13327       14768       14707       14708       16087       17466       18786       18726       18725       18665       18604
       21017       22217       23357       22337       21197       22397       22456       22455       22394       23475       24375       24315
       26307       26366       26306       25647       25588       24748       23787       23786       24745       24686       24625       23725
       26434       26194       25534       24694       25594       26255       26315       26376       25715       25714       24875       24814
       23037       21777       22917       23937       23878       24838       24777       24716       25496       24596       24537       24476
       17641       16201       17640       18960       18900       17580       17521       18961       18962       18903       20223       18902
       22703       21443       22583       22584       22643       23783       23782       22701       22760       21620       22821       21561
       23057       24077       25036       24976       25817       25037       25038       25039       24979       24919       23899       23958
       20493       20432       20373       21693       22953       23012       21811       21871       21932       21992       20672       20732
       20690       21950       22009       21949       21948       21887       23086       23025       23026       23087       24167       24107
       24455       24454       25294       25954       25895       25894       25233       24333       23374       23434       22294       23314
       25093       24252       24191       23230       23170       23171       22092       22033       23173       23233       22152       23292
       14439       15820       14380       14440       13060       14501       15880       15941       16002       16063       16062       16061
       22353       21152       21092       22352       23492       23431       23371       24391       25171       25110       25170       25890
       23286       23347       24367       24427       25268       25208       24308       25148       25149       25150       25091       25151
       22313       23394       22374       21175       22375       22315       22376       23457       23396       24355       25255       25314
       24335       25115       24275       23316       23377       24277       24218       24279       23379       22359       22299       22238
       22737       22676       23756       23695       23636       22496       22556       22495       23515       24535       24474       24475
       24567       24626       23726       24687       23667       23668       22589       21389       20189       20188       20248       20249
       25799       25739       25738       26397       26396       26337       26278       26218       26157       26098       26097       26037
       25620       25560       24720       23760       23761       23701       23702       24722       23762       24662       25442       25383
       26011       25351       26012       25353       26014       26073       26132       25532       24691       24692       25533       26133
       20319       21639       22779       23858       24878       25778       24937       23978       24038       24998       24037       24096
       21590       21649       20449       19189       19249       19188       19187       20506       20505       20566       20625       20685
       25018       24058       24059       25020       25860       25741       24841       24901       23942       24003       24964       24905
       25704       25763       25822       24982       24923       23964       23905       22826       22767       22708       22709       22770
       24765       23805       24825       25665       25726       25787       25786       24946       23926       23867       24828       25669
       20486       19165       19105       20365       21625       21566       20306       20305       21505       21446       20185       21445
       23102       21901       23101       21961       20702       20703       20644       20643       21843       23044       24064       25023
       21872       20613       20614       21873       21874       21935       20676       19356       17916       16596       15216       15156
       24201       24262       23303       23243       22164       23304       23245       24265       25165       25166       25225       24385
       26160       26460       26100       26101       26402       26403       26103       26104       25384       24484       25324       25385
       19998       21259       22460       23541       23542       23481       24440       25280       25219       25220       25881       25880
       25970       26031       26030       25310       25369       24528       24529       23509       23508       22427       21167       21226
       26057       25397       24617       25517       25458       26119       26060       26061       26062       26123       25523       26183
       22905       22844       22783       22784       22724       22665       21465       20265       20264       18884       20203       20263
       20147       21467       22668       22669       23689       23629       23568       23627       22547       21287       20026       20087
       25416       26136       26077       26078       26138       26198       25537       24637       24638       23738       23799       24758
       24134       24074       24073       24132       24133       23052       21912       23113       23114       23115       21915       20655
       21615       22814       22813       23892       24851       25691       26352       25632       24793       23773       23714       22694
       26369       25709       24868       25768       24929       23909       23850       22710       22651       21391       20131       18751
       22617       22618       23638       22498       21358       21418       22619       22679       22740       21540       21600       21601
       24130       23050       24070       24010       25030       25029       25809       25808       25807       24907       25746       25745
       23740       22661       23742       24642       24641       25541       25600       26320       25661       25660       24880       23860
       25850       25789       25788       25008       24949       25790       25731       26391       25732       24892       24952       25852
       26327       25607       24767       24707       25546       26146       26147       25488       25427       26027       25307       25907
       25899       25900       25241       25242       24401       24462       23503       23502       23562       23501       23560       24520
       24547       25387       26048       26107       26108       26168       25509       24609       25450       25390       25330       25271
       17505       17565       17624       19003       19064       20444       20503       19183       17804       16484       16424       16423
       22796       22795       23874       24835       25675       26275       26214       26155       26095       26035       25315       25376
       23705       24664       23703       22622       21423       21363       21302       20042       19983       19984       21184       21244
       17476       17416       17475       18856       18797       20118       20119       20060       18680       18741       20062       21262
       26445       26145       26144       25484       25544       25483       25422       25363       26023       25964       26025       26086
       19061       20382       20442       20441       20381       21701       21761       21820       21881       21940       20740       20681
       20069       20068       21388       21448       20187       18807       17426       17486       17546       18927       18928       18989
       22810       21550       22751       23830       24730       24731       23711       22630       22569       22629       23649       23588
       24044       25005       24945       25785       26385       26324       26263       26202       26201       26140       25420       26079
       22442       22502       23581       22560       23580       24539       24480       25319       25980       26040       25921       25861
