         336          35         395         334          33         332         331         390         450        1111        1052        1893
       10023       10083        8763        7382        7322        7323        6004        6064        4803        3604        2524        1565
        5068        5007        3807        2787        1767        2727        1707         867        1647        2607        1646        2605
        5048        3847        2707        2708        2769        2770        2831        1871        1870        2890        4030        2950
        1846         946         887        1727         886         166         825         884         224         164         764        1605
         990         270         931         870         929         268         207         148         748        1587         746         806
          14          15         375         434         493        1153         553         554         555        1216        1996        2956
        3018        4099        3079        3019        2960        1999        2000        1160         440         441        1102        1943
         459        1119        1118         398         998         339         340        1000         999        1838        2738        1718
         582         522         463        1123        2023        2024        1965        1966        2866        2927        2926        3946
        7940        9260        9319       10698       10759       10819        9440        9381        8001        8000        7939        6619
        4260        4319        3239        3300        3241        4322        4263        5403        4204        3123        3063        4142
        3785        3786        5046        6305        5105        5104        5103        5102        5101        6421        7801        7741
         197         138         797         798         737         677         618        1398        2359        2419        3500        4760
         419         420        1020         960         900         181         121         122         722        1622         782         723
         361        1081        1082        1142        1202        2041        1260        1320        1380        1379        2220        3180
       15922       15981       14602       13163       13162       11722       10343        8962        7522        7461        7460        6141
        7524        6205        7585        6325        5064        6323        5063        3864        2783        2723        2664        1705
       10456        9016        7637        9017        9018        8957       10337        8897        8837        8777        7398        7399
        1809         968        1807         966        1805        1744        1803         903         904        1684        1623         784
         770         109         108         168         169         170         111         772         832        1732        2632        3712
        1178        1239        1298        1297         577         576         515         455        1116        1115        1114        1113
        2040        2039        3059        2099        2158        3117        4137        4136        4077        2937        1976        2035
        2230        3250        3249        4269        4210        4270        4211        3071        3070        3069        4089        5289
        1012        1071        1971        1131        1192        2033        1974        2034        1193         534        1195        1975
       13879       13938       12438       12378       10997        9618        8298        8238        8237        8177        6797        6796
        1264        2104        3124        2165        3065        4144        5344        5283        5222        4022        4083        4143
        4057        2977        4117        3037        2976        4055        5255        4054        2914        1894        1053        1112
        2286        3365        3305        4445        5705        7024        8404        9844        8524        8583        8642        7262
         685         686        1527        2487        3507        4647        5908        4649        3449        2369        3450        4650
        7311        6051        6110        6170        6230        7610        7611        7612        6352        6292        5033        5032
        4824        4764        4705        4704        4643        5963        7343        8723        8782        8781        7401        7400
        3343        2323        2384        2443        2502        3581        3580        4840        4779        3578        2558        2559
       10145       11465       10025       11406       12786       12785       11346       12726       14226       14287       14348       12907
        2027        2086        1245         525         524         465         404         344          45          46         406         345
        2850        1889        1828         987         326         325          24         264         205         206         865         804
        1775        2675        3754        4953        6213        7532        7592        6273        7533        8913        8974       10354
        1847        1907        2807        3887        5088        5089        5149        5090        6350        6291        5031        4972
         407         408         409         350          51          52         292         952        1013        1793        2753        2754
        2224        3244        3245        3186        4265        5466        6666        6606        6547        5227        5288        5228
        5671        4411        4410        4409        5669        5668        6927        5666        4406        4347        4348        4287
         977         918         919         260         320         981        1042        1882        2902        2903        4043        2962
         566         567         506        1165         565        1285        2126        2186        2246        2245        3206        4226
       10360       10420        9041        9101       10541       10480       10421       11802       11803       11804       11805       11806
        5037        6296        6355        6415        5154        5153        3952        3951        2931        4071        5331        4132
        4904        6165        7486        7546        6286        6346        6407        7727        7786        6466        5266        5326
        1761        1762        2721        3800        2780        3861        3920        3979        3978        4037        3017        2957
        1302        1241        2080        2139        2199        2260        2261        2201        3160        4241        5381        5322
        3073        4153        5353        6673        6674        6615        5355        5296        5357        6617        6678        7999
        8196        9575        9515        9514        8133        6814        5555        5495        6754        5434        5373        5433
         150          91         152         872         813         874         215         156         217         937         877        1657
        1480        2441        1421        1420        1479        1540         700         759        1659         879        1719        1779
        1432        2452        1493         654         715         776         835         774        1613        2633        3773        3832
        2424        2364        1403        2423        3563        3622        2542        2543        2603        2604        2665        1645
         882        1782        2741        2682        3762        3763        3702        2562        1542         642         702         703
         355          55          56         296         237         896         895        1675        2635        3775        3834        3774
        3423        3483        2404        2344        2283        3303        4504        5824        7204        7203        7202        8582
         675         735        1635        1576        2476        2537        2598        2538        2478        3559        4699        4700
        1087         367         366         425         486         545         484         424         363         302           2           3
        2434        2493        3633        3692        2672        2732        1771        1772        1773        2793        2853        3993
        1430        1490        1551         710         650         649         708        1547         706         645         704        1604
         118         179         238         958        1017         357        1077        1137         537        1257        2096        2036
        2173        1333        2113        3074        2115        3015        1995        2955        4095        4034        2954        2953
        4166        4165        5305        4105        5306        5247        6508        5308        4107        4167        5427        5487
        7623        7562        7502        6181        6300        7620        7679        7739        6418        6357        6298        7619
        9411        9472        8093        6772        5452        5451        6651        8031        8030        9409       10729       12109
        6489        6548        6609        5348        4147        4146        3067        2047        2947        4027        4088        4029
       11105       11104       11163       11102       12602       12661       14161       12781       11341       12840       12899       14399
        2484        2485        3565        3626        4886        4826        6087        6027        5968        4709        4710        4651
        4793        3533        3532        3471        3411        2331        3351        4491        5751        7131        8511        8451
        2592        2533        1574        1633         792          72         732         671         670         609         668         727
        3729        2649        2590        3610        4810        6130        7449        7389        6009        7330        6011        5951
         744         683         682         681         740         680        1460        1461        2361        3501        4761        3561
        2324        2325        2326        3466        3467        3468        3529        4730        4791        4852        4913        4974
        8630       10070        8750       10131       10191        8811        8752        7432        7493        6173        4912        3772
        1755        1816        1875        1874        1815        2776        2717        2658        3739        4879        4820        4821
        1243        1182        1121        1062        1002         943        1783        1722        1661        1660        2619        2618
           9         309         250         249         849         908         247         847        1686         845        1625        1564
        3766        2746        3826        3765        3824        5024        5085        3945        3944        4003        5263        5262
        1700        2600        2540        1580         800         801         201         262         923         863        1704        1765
        2254        3154        4235        4175        3096        2135        2134        1295        1356        2197        3157        2196
        1626        1567        2528        3608        2468        3488        2409        1448        1447        1446        1505        1504
        1110        2010        2009        2068        3088        3029        3089        4170        4231        4171        5372        4173
       13480       13421       13481       12042       10661       10660       10600        9221        9222        7841        6581        6642
        2905        2966        2967        2908        3989        3990        5130        6390        7711        6451        5251        5312
        5473        4333        3252        3193        2234        3254        3255        3195        4276        4337        5477        5478
        5059        3858        5057        6316        6256        4936        4937        6137        6077        6138        6139        6080
        8075        9395       10776       12155       13596       12096       12036       10655        9335        7954        6633        6572
        4121        3040        4119        4179        4178        4237        4176        5316        6575        6514        6513        5313
        4431        4370        4369        4428        5627        4367        4306        4245        4185        5325        5265        5204
        5640        5579        6779        8100        9480        9421        8101        6781        6722        5522        6783        6724
        1230        1289        1350        2130        2191        3211        3270        3269        3209        2248        3207        3267
        6706        6765        6824        8204        8263        6943        5682        5621        6881        5620        5560        5559
        4434        4375        4374        4313        3232        2272        2212        2151        3112        2153        2152        2091
        6727        6728        8049        6789        6848        5587        5646        4386        4385        5585        5524        6784
        4309        4249        3170        2270        2209        2269        1369        1309        1249        1188         529         589
        8386        8447        8446        9826        8445        9824        8443        8503        7122        8562        7181        8561
        3842        3781        3840        3839        3779        3719        4859        6059        5999        7319        7320        8640
        2319        2318        2317        1417        1416        1476         696         695         694        1594        1655        1716
        2475        1455        1396        2356        3376        2297        3437        4697        4698        4759        6020        6021
         151         751         690         691        1591        2491        2492        1472        1412        2312        3392        4532
        1529        2489        3569        3630        4830        4891        4951        5011        5012        5072        3873        3934
        3421        3420        3479        4679        3539        2459        1500        1439        2339        3359        4619        5880
        4622        4682        4741        3601        2461        1502         661         601        1441        1442        1503        2523
        6462        6401        5142        3942        2862        2803        2802        3881        2800        2799        2739        2679
        3226        3167        2267        2206        1306        1365        2204        2144        3044        2985        4066        5206
        2155        3175        4256        5455        6715        6716        6657        5397        6658        7978        9359       10740
        5043        3783        3843        2823        2882        1922        1983        2044        2043        3002        4082        3062
       17253       17313       15933       14613       14614       13234       13235       11855       11794       10413       10414        9034
       13808       13807       12307       13746       12306       10866       10865        9425        8046        8045        7984        6663
        9158        9098        9157        9156        9155       10535       10534       10533        9152        9151        7831        6511
        3649        4848        6168        6167        4847        3647        3586        2446        1546         705        1544        1603
        7865        7926        9306        9367        9308        9247        9188        7809        6429        5168        5229        6549
        6284        7604        8985        8986        9046        9105        7724        9103        9163        7784        6524        6465
        5183        5244        6444        7824        7823        6563        6624        6685        8006        8065        9505        8124
       12152       10832        9392        8012        9391        7951        7892        9273        9213        7773        7832        7893
       15303       13862       13801       12362       12423       12424       13804       15245       16565       16506       16507       15067
       10679       11999       11940       13380       14760       13261       14641       14582       15961       17342       18782       20101
        9587        9527        9467        9526        9586        8266        8267        6948        6888        8148        9468        8089
        9346        9405        7965        6585        7905        6586        6647        7967        9348       10668       12049       10670
        6830        6770        6709        6650        6589        7909        7849        7788        6528        5268        5327        5267
        5675        5615        4416        4417        5617        6937        6938        8318        8319        8259        8199        8260
        3224        2264        2203        3163        4303        4362        4361        3280        3279        4359        5558        6819
        8417        8357        8356        9796        9736       11115       11176       12676       12675       12735       14115       14116
        9752        8373        7053        7112        8552        9872       11312       12692       12631       12630       14070       15451
        4601        3341        2321        2322        3462        4722        6042        6041        7361        7300        8620        7241
         658         719        1558        2517        2578        1619        1680        1681        2581        2522        1563         724
       13985       13984       15424       16804       16865       16866       16926       15486       14046       14105       14106       15485
        7096        5775        4455        4456        5717        7038        7099        5779        5840        5901        7281        5960
        7124        8564        9945       10005       10066       10067       11447       11387        9947        9948       11329       12770
        7335        5955        5956        4695        3495        4755        4756        4815        6076        6135        7455        8834
          99         758         698        1537        2497        2436        2495        2555        3575        3636        2557        3637
       10178        8798        8857       10236        8855        7475        7416        7477        6158        4838        3698        2617
        2670        2730        3809        2729        2668        3748        4948        6207        7528        8848        8847        8846
       10189        8869       10249        8868        8867       10187       10246        8865        8804        8745       10124        8743
        1691        1750         911         972         311         371         430         431        1091        1151        2051        1991
        8675        8735        7354        6035        4775        4834        4895        3755        2676        2736        2677        3697
        9048        8987        8988        7607        6288        5028        3828        3768        2689        3770        3831        3891
       10017       10016       10075       11454       12834       12893       14334       14273       12832       11452       11391       10012
        7512        7451        7510        6250        6311        6371        5110        5051        3791        3851        3910        2830
        5713        5773        5834        7154        7215        7156        7217        5897        5958        7278        7339        8720
        5176        5175        3915        3914        3855        5054        6374        6433        6434        6494        6553        6554
        1878        1818        1879        1039         378         437         438         497        1156        1997        1937        2897
       10302        8862        8861        8921        8980        9039        7658        7657        7656        7655        8975       10295
       11696       11635       11694       11695       10314        8935        8936       10317        8997        9057        8998       10318
        9124        9185        7806        9126        9066        7687        9068        7689        9070       10510       10449       10390
        6950        6891        8211        9590        9589        9530        9591       10911       12231       12171       13611       15052
        1217        2117        1337        2177        2238        2239        3198        4277        4216        4217        5418        6738
        4391        5590        5531        6790        8050        9370        9431       10811       12191       12131       13571       15010
       12269       12329       10948       11008       11067       12447       13827       12386       13826       15265       15204       15203
        5662        4402        4401        4341        5542        5482        5422        5362        4163        3083        3023        2062
       10735       10795        9475        8094        9473       10793       12173       12233       13613       15113       16493       16432
        5637        5696        5636        4437        3297        2277        3237        2217        3176        2156        2095        1254
        1342        1283         563        1222        1281        2121        2182        2243        2244        3204        4285        4346
        4626        4625        5886        7206        8646        8706        7386        7445        8885        8945        7625        7564
       11597       11537       11478       11417        9977       10036       10037       10098       10159        8779        8780        7340
        7406        7346        5966        5905        5844        4524        3323        3382        4642        5962        7282        5961
        7060        8441        7061        5742        4481        5740        4540        3340        4600        5861        7180        8560
       12518       14018       14078       12637       14137       15577       15576       17016       17077       15698       15757       14437
        5864        5925        7246        5866        5806        5865        4545        4604        4603        5923        7242        8621
        7210        5890        4629        3429        2349        2290        2291        2352        2411        3491        4691        5950
        6192        6253        4933        3793        3734        3735        3674        4873        6134        6073        7453        7514
        6245        6186        6125        6066        6005        4805        4804        4863        3664        2585        2584        1624
       16963       15584       15585       14145       12704       12764       11384       11383       12822       11322        9942        9941
       11606       10225       10166       11547       11608       13108       11668       10348       10347       10287        8906        7466
        7447        8828        8768        8708       10088       11468       12909       12910       11471       10091        8711        7271
       10291       10350        8910        8850        8851        7411        6031        4772        4713        4712        5912        5911
        4808        4867        4928        6188        6248        7568        8948        8888       10208       11587       11527       12967
        1550        1609        2569        3650        2571        2631        1731        1790         949         288         347          48
        6045        4785        4724        4783        4844        3645        2625        2624        3644        2504        1543         763
        5997        5996        7376        7435        8815        7375        6054        6115        4915        4914        4973        3833
        6143        6202        7582        7643        9083        9022        8961        7580        7579        6199        6140        6081
       14728       16168       16229       14909       14970       16350       17729       17790       19169       20489       20548       21748
        6396        5136        5075        5016        6216        6276        6277        6278        4958        4898        3638        3699
        6270        6269        7649        7588        9028        9029       10409       10410       10351        8972        8973       10353
        5210        5209        4008        2929        2869        1909        1969        2989        4129        4128        4127        4186
       15334       15333       15332       13952       12452       12451       13890       15331       16651       15270       15209       13709
        2944        2885        2826        1867        1928        1988        2049        1269        1329        1328        1268        1209
        4421        5561        6822        8202        8142        8141        8082        8023        6702        7962        6641        8021
       10336       11715       11714       10274        8954        7634        9074        9075       10454       11894       13394       11955
        4404        4345        3264        3203        3142        3201        4221        5481        6801        6800        6739        8058
        8254        8253        8312        8313        6933        5613        4413        4412        3272        3212        3153        4293
       11059       11060        9681        8241        8240        6919        5659        4399        3259        4279        5419        5358
        3355        4554        4494        5755        7076        5757        5817        5877        7257        7258        5939        7260
       14177       12677       12737       12678       14058       14057       13996       15377       16756       16755       15374       14054
        9863        8482        7103        7043        5722        5782        4522        4581        4641        5900        5959        6019
        8378        8377        8437        7117        7176        7236        7237        7298        8738       10058       11378       12878
       12958       11458       10079        8700        8760        7440        6120        6121        4801        6001        7261        8641
        6007        5947        5888        7208        8587        9967        9906        9845       11165       12606       12547       12548
        5978        4717        4658        3458        3459        4719        5919        7179        5859        5920        7240        5921
        7250        5870        5929        5869        5808        5749        7009        8388        8448        8509        9949        8629
        5976        4716        4655        3454        2314        3394        4534        5854        5914        5853        5852        4591
       14747       14806       14805       14804       16184       17563       17562       17623       16242       14862       14802       14742
        2515        2514        2455        3475        3536        4735        5935        7255        8575        8635        7195        7136
       16085       14645       14646       14705       16025       14644       14703       16083       16144       17584       18964       20344
        8606        9987       11368       11309       11249       11188       11247       11248       11187       12627       14066       14065
        6411        6472        7792        6532        6593        6594        7974        7973        9353       10732       10671       12050
        2294        3374        3373        4572        4632        5892        7152        7091        5771        5710        5769        4449
       10459       11839       11840       11841       10521        9141        9202        9261       10642       12023       13464       14904
        9338        9337       10718        9398        8017        6696        7956        7896        6577        7837        6516        5256
        2758        2818        2877        3956        3896        3955        4014        2933        2872        2811        2752        2693
        7682        7742        9123        7803        7863        7922        9302        9361        8040        9360       10800       12180
        9026        7647        6326        6386        6446        5187        6448        6509        7830        6510        6571        6512
       12066       12065       12064       12005       10624       12004       13384       14823       13382       12002       12061       12121
        8222        8282        8281        6901        5642        5643        5644        6905        8224        9605        9546        9607
        1961        2920        4001        5200        6459        6519        7899        6639        6640        6699        6698        6759
        5156        5216        6475        7795        7796        9176       10555       10614        9233        9292        9231       10611
        9674        9613        9554        8114        8174        6914        6915        5595        4396        4397        5537        5536
        5685        5625        5564        5565        4305        5445        5444        4184        4243        4182        4122        4062
        6954        8214        9595        9596       10977       12357       12296       13737       15237       16618       16558       16498
        8304        9685        8305        8244        6864        6863        8243        9623       11004       12324       13763       13704
       10964       10904       10903        9522        9521        9580       10960       12341       13841       13782       13723       15163
       13790       13789       12350       12289       13669       15108       13668       12288       12229       10789       10730       10669
       16744       18123       16742       15422       14041       13981       15420       14039       14099       15478       16859       18239
       12531       12592       12651       11212        9772        8391        9770        9829        9830        8510        9891        9951
       14172       12733       11294       12674       11233        9913        8593        8592        8653        8714        8773        7394
        3417        2336        3415        2334        3413        3473        4672        5933        5932        7252        8631       10010
        2368        2367        1406        2366        3386        3327        3328        4529        4530        3330        3391        3451
       15525       15464       14024       14025       14026       12587       11207       12707       14147       15467       15407       16786
        7015        8394        7013        7012        7072        7132        7193        8513        9953        9893        9952        8571
       14441       13001       11561       13000       13060       11620       10180       10179       11499       10059       10000        9999
        1618        1677        2697        3717        4916        6176        6177        6178        7438        8878        8939        7558
        8821       10261       10262       10322       10383       10442       11822       11882       11883       10563       10562        9183
       13358       13297       13237       14617       14618       14559       15999       16060       16119       14740       14680       14739
       14358       14418       15858       15918       15977       16037       16098       17478       17419       17420       17421       18801
        6283        7602        7541        6221        6280        6340        6399        5138        3878        3818        2678        3758
       11651       10272       11712       11711       13211       11770       11771       11832       13273       13332       13393       14834
       11877       11876       13256       13255       11814       10494       10554       11994       11933       11992       11991       10610
        7932        7931        9251        9192       10572       12012       10692       10693       12074       13454       14894       14893
        6377        7757        7756        7817        7877        6497        6556        7875        9254        9194        9135        9195
       12106       12107       10667        9286       10665        9284        9344       10723       12104       12163       13663       13603
       16325       14885       14945       13565       13626       12186       12127       12187       13628       15008       15068       16388
        9536        9477        9478       10918       12297       13738       13678       15058       14999       16378       17818       16437
       17703       16323       14943       13563       12183       12184       13684       12304       10923        9543        8163        8104
        6625        6684        5484        6743        8062        9502        9562       10943       12323       12384       13764       13703
        8321        8261        9701       11080       11079       11019       12398       12337       12276       12275       13775       15215
       12279       12218       10837       10778       12098       12099       12100       10780        9401        8081        6760        6701
       11099       11100        9719        9659        9600        9481       10861       12241       12360       13740       12240       12181
        8329        9709       11088       12469       12468       13908       13907       15346       15285       15224       13724       15164
       11037       12477       12476       12415       12474       12413       13853       15353       15352       16672       16611       15171
        9547        9488       10869        9489       10929       12309       13809       15250       15249       16569       16508       15128
        8369        6990        7051        8430        7110        7109        7108        8488        8427        9747        8368        7048
        6048        7368        8748        8687        7306        5985        7304        8683        8682       10062       10001        9940
        3307        4447        5767        7086        7026        6967        6968        7029        8409        9729       11109       12609
        3336        4476        5736        6996        8375        8435        9875        9936       11317       11318       11319        9939
       23169       22089       22090       20891       20830       20769       19569       18248       18308       19688       21008       21069
       19670       18349       16969       18289       16909       16848       15468       14089       14030       12650       11270        9950
       15607       16986       15606       17046       17106       17166       18545       19864       19924       18605       19865       21126
       11118       11119       11178       11239       12739       12740       12801       14242       14243       15683       17064       17124
       12928       12867       11428       10108        8668        8728        7349        8730       10050        9990       11371        9931
       15061       16500       17820       19200       19140       17700       16320       16321       16262       17642       18962       20283
       10155       11595       11594       10154       10153       10212        8831       10210       11650       11589       13028       12968
       17205       17204       15825       14385       12944       12943       14443       13063       13123       13184       13245       13306
       15609       16989       16930       18370       18311       18252       19512       19513       18194       16754       15434       15494
       11573       13014       12953       14453       15833       14513       14452       14511       14570       13129       14629       14689
       13040       12979       13039       13098       13097       13157       13217       13276       13275       13335       13395       14895
       17272       17212       17151       17090       17149       17208       17209       17268       17328       17329       15950       15949
       20104       18724       17344       17283       17282       15903       15964       15905       15845       14466       14467       14408
        2892        3972        5171        6431        7751        7752        7812        6552        5291        4091        4090        5290
       10357       11736       11677       11676       11616       11555       10115       10056       11437       12937       14378       14377
       16223       17543       16163       14783       13283       11844       11905       11906       11967       11908       13408       13409
       13146       11707       10387       11827       11768       10389        9010        9071       10452       11892       13333       14833
       11730       13110       14550       13111       13112       13051       11612       12992       12933       12872       12811       12750
       16445       16444       15063       15062       13562       12062       13501       14881       13500       13559       12120       10739
       14709       13268       13267       11887       11948       10568       10629       12010       13450       13511       14952       16392
       11973       10653       12093       12033       12092       12031       10651       10590       11970       10589       11969       13410
       19332       18012       17952       16573       16574       16575       15196       13816       13757       12377       13817       15197
       10973        9593        9654        9714        8333        9712       11092       12471       13971       13911       15291       15232
        5593        6853        6792        8112        9552       10932       12252       12253       13633       15073       15013       15012
       12203       10883        9504        9445        9384        9325       10705       10644       10584       12024       11964       13404
       12904       12964       12905       14345       14284       15604       14224       12783       11283        9902        8521        8581
        5787        5726        6986        6985        5725        7105        8485        9865       11245       12745       12686       14125
       15402       14022       12583       12523       12582       14021       12521       12580       11140       11199       11260        9880
        8360        8361        8362        9743        9744        9803       11184       12624       14004       15383       15384       15443
       15489       15430       15371       16811       18191       18130       18190       18129       16748       15368       14048       13987
       14132       14191       15570       15569       16950       16951       16890       18270       19589       18329       16948       16887
        5762        4502        4441        4500        5820        7080        8460        8401        7021        7082        7141        7201
        9851        8411        9792        8412        8351        9791       11170       12611       12610       14049       12608       12607
       15574       17014       16954       16893       15453       15393       14073       14014       15395       16776       16836       18217
        8403        6963        6962        8402        9781       11161       11221        9900       11279       11219       11280        9899
       12790       11351       11352       11291       11290        9909        9908        9848        9847       11227       11168       12668
       20152       18772       17392       16013       16074       14634       14693       14753       14692       14691       16011       14630
        4230        5490        5489        6748        8067        9507       10827       10768       12149       12089       13528       13469
       16015       14635       14575       14574       13133       11753       11813       10373        8993        8994        9054        7675
       12865       14306       15746       15807       15748       15688       14307       12807       11367       11306       12746       12805
        8904        8843        8784        8725       10105       11484       11423       10044        9984        8603        8602        8661
       17230       17170       15790       15849       15909       15968       15967       14588       13149       14590       13210       11830
       14626       16007       16066       17445       17446       18886       18827       17448       17509       17449       16009       16070
       13493       14873       16253       16192       17571       17631       17692       17752       16312       14992       15051       16491
       14671       14730       13290       11851       13292       13352       14792       16232       17612       18932       18991       20251
        7798        9177       10558       11998       11997       10616       10677       10737       10738       12118       12179       12119
        9147        7766        7825        7886        7887        9327        7948        7949        9269       10648       12027       13468
        5127        3926        3986        3927        2846        1886        1045         386         447        1107        1168        1108
       17607       16228       16287       16348       16408       16467       16406       16465       16464       16523       15144       13705
       19055       17675       17614       16233       16234       16293       14914       14975       14974       15034       15094       16414
        9001       10440       10499       11879       13319       14819       14878       13498       14937       16377       17817       17877
       19383       18002       16623       15183       15182       16622       18001       17942       19262       19261       20640       20580
       15239       13859       13920       13980       13979       15359       16740       16739       16738       15357       13916       13976
       10986        9666        9667        9668        8288        9669        8289        8230        9610        9671       11052       12431
        6379        6380        7640        9080        9139        9198       10638       12019       12020       10700       10640       12021
       19371       19432       19492       18113       16734       15355       16736       16676       15236       15297       13917       13856
       16587       16648       15267       15328       13948       13947       13946       13945       13944       13883       13822       15261
       13641       12141       13521       13522       13583       12144       13584       15023       16463       15082       15143       15202
       20412       20352       20291       21551       21492       21553       20294       19034       17714       17713       16333       14953
       23074       23015       21816       20557       20618       20559       19240       19241       17921       16541       15162       15103
       16457       15078       13638       12197       10877        9496        9435        8055        9375        7935        9315       10694
        8316        8315        9695       11075       11014       12393       12394       12455       13895       15275       16595       16535
       19488       19427       19487       18106       19485       20745       19365       17986       16606       16545       15105       13666
       10161       11481       10041       11421       12860       12859       14299       14360       15740       17060       17059       18438
        8459        8398        9779       11158       12538       12597       12596       11216        9837        8456        8517        8578
       16863       15543       14223       14282       15662       15721       15840       17160       17220       15780       14340       14339
       19560       20820       20819       20879       20878       20877       20816       19556       18176       16797       18177       18238
       11432       10052       10111        8731        8791        8732        8673        8613        7232        7231        5851        4531
       17164       18543       18483       17103       18482       19862       21122       22323       21183       21242       21181       19921
       10266       11645       10264        8824       10204       11583       13023       14462       15841       14461       13081       13022
       22471       22410       21150       19830       18510       18450       17071       17012       15633       14254       14315       14376
       11623       11564       11565       11566       11626       13067       11567       13007       14507       13127       13186       13246
       22291       21092       22293       23373       23374       22295       21155       21214       21154       19834       19775       19774
       13495       13436       14816       16195       14815       13376       14756       14697       14698       16079       17399       16019
       10340       11660       13101       13160       14660       14659       15979       17299       18619       18680       17300       18681
       18564       18565       17245       17184       17185       18566       19946       21266       21265       22525       21324       21263
       16460       16401       16341       14960       14900       14840       14781       16101       16042       17422       18802       18741
        7423        7424        8803        7483        8864       10304       11684       13125       11686       10307       11747       13247
       12294       13734       13675       13615       14995       16375       16374       16433       17873       17933       16552       16551
       16279       16338       16337       17777       17718       19098       20417       20356       21676       21677       20477       20476
       21633       20313       18933       18872       18813       17493       16114       16055       14615       13115       11674       10294
       17677       17618       18999       20259       21520       21460       22659       22720       22780       22781       21521       20321
       16729       15348       16728       18048       17988       19308       19249       17868       16487       16486       15046       13606
       11987       11986       11927       11868       11928       11869       10429       11749       11748       10367       10427       11807
       13569       12069       13449       14829       13389       14830       16211       16151       17532       17593       16273       17654
       13903       12403       11083       12464       12465       11086       12406       13786       12286       12225       13665       13605
       25042       25041       25040       24140       23060       23121       21922       20722       20721       21980       20720       19460
       16455       15076       13696       12256       12196       13576       12137       10758        9377        8057        6737        6798
        8130        8189        8248        8188        8249        9630        9631        9571        9510       10830       10890       10949
       20882       20883       19624       20885       22086       22027       20827       20887       20947       21006       21007       21066
       21050       20991       19732       19672       18351       16911       15591       14212       12712       12772       11392       11331
       19521       19582       20841       19641       19701       18382       18441       18501       19881       19820       19759       19699
       15499       15500       16881       15561       15562       15623       14244       15624       15625       15566       15506       15445
       18219       18160       18161       18222       19543       20863       22123       20983       19783       19844       19904       21224
       18431       17111       15791       15732       15672       15613       15674       14354       12974       11474       11473       12912
       18531       17091       15710       14329       12949       14388       14449       13010       12951       12890       11390       10011
       14485       14486       14547       14548       13048       13049       14429       12929       11429       12870       12809       12810
       18945       17565       18944       20263       20202       20143       21404       22664       22605       22544       22545       21405
       14655       14595       15974       15914       17295       17236       17176       15736       14296       12855       11416       12916
       15694       15753       15812       17191       18570       18630       17251       17192       18512       19772       19713       19773
       20215       21415       20156       18836       18775       20035       19974       18594       18595       19916       19857       21177
       13310       13370       13429       14809       16188       17567       18948       20269       21529       21588       21649       22850
       11631       11692       10312       11691       13191       11811       10431        9051        9110       10550        9230        9290
       20518       20578       20517       19196       20516       20455       20514       20573       21773       22974       23994       24894
       14903       14963       14902       16281       17601       18981       18982       20242       21501       20181       20182       20122
        3035        2015        2014        1173         513        1233        1292        2133        3033        4112        5252        5311
       17520       18899       20279       20339       21598       22797       21657       20397       19137       17758       16438       17878
       16200       16260       17639       17698       17637       18957       20217       18897       17516       17575       17514       18954
       19470       19411       19350       19290       20611       21870       23130       23129       21929       21869       21808       21868
       23888       22748       22809       22869       22928       21727       20468       20407       19088       19027       20346       20345
       10831       12271       12272       13652       15152       15211       13771       13832       12332       12273       13714       15154
       12221       13661       15041       16361       16301       17681       19062       19123       19183       17863       16484       15044
       24147       25047       25827       24987       25046       24985       25044       24084       24025       22946       22947       22948
       15150       16529       16468       16527       15146       13707       13708       13648       12207       12146       12087       12028
       17931       17930       16610       15290       15229       16549       17869       19250       19191       17751       16431       16430
       13873       12434       11054       10995       12374       13874       15315       16696       16697       16698       15317       15257
       12683       12622       11242       12681       11240        9859        9918        8538        8599        8600        7280        7341
       18139       16759       15380       16761       15381       14001       12501       12562       12503       12564       14064       14005
       16806       18126       18185       19504       19503       20823       19562       19561       20761       22021       22140       22079
       18375       19695       18376       16936       16877       16817       18257       18198       18259       18320       19700       19640
       16960       15580       14199       12760       14140       14139       14138       15578       17018       18338       18277       16837
       20999       21000       19680       18359       18419       17099       17038       17097       15717       14336       14275       14335
       25864       25144       24244       25085       24246       24187       23227       23286       23345       22325       22326       22267
       11664       11604       11544       12983       12982       14362       15802       15863       15923       17363       18742       18682
        5278        5279        6540        6541        6602        6601        7980        7919        9239        9240       10680       12059
       16278       14838       13398       13457       13456       14896       16336       15016       15015       15014       16393       16453
       20012       20071       18751       17370       15989       17309       18690       18750       18810       18870       20250       21509
       23769       24729       24788       24727       23707       24666       23705       22625       22686       21485       20285       19025
       13471       14912       16291       16352       15032       16412       16472       16531       16592       16533       16474       16473
       14859       16238       16297       16356       17796       17857       16478       16419       17859       17799       19179       19120
       19201       17761       17762       17823       17824       17763       19143       20462       20463       21663       21604       21544
       15141       13701       12321       12381       12320       10940        9559        9500        8120        6740        5479        6679
       19031       19090       20410       20349       20289       20290       18910       17590       16270       16329       15009       16449
       23141       21942       22003       20743       19483       19482       19422       18042       16663       16603       16544       16543
       22020       20760       19439       19498       20758       22018       21959       23099       23040       22980       24001       22922
       16685       18005       18066       19446       20706       21966       21905       20585       20525       20465       20404       20405
       17962       17963       19403       19464       18085       16645       18026       19407       19468       20728       20667       20607
       16719       16659       15219       13839       13780       13779       13718       15098       15037       15096       15155       16475
       23409       22328       22269       22270       22210       21010       19749       18428       18427       19747       21067       22266
        9975       11355        9915        8475        8414        8354        9735        9734       11113       12552       13993       15433
       22072       20812       20813       19554       18234       16853       18232       16851       18230       19550       20809       19548
       17334       17333       17274       15834       15775       15835       15774       15713       15653       14274       14215       15655
       25097       25098       24198       23238       23237       23236       22156       22217       22158       22159       20960       19760
       18469       19729       21049       22309       22248       21048       19728       20928       19608       19547       18227       18168
       19535       19536       18215       19595       20854       19593       20853       19533       20792       20791       20852       19652
       17033       18353       18413       18354       19734       18474       18415       18416       19737       19798       21118       21117
       14386       12886       12887       14267       14266       15586       14207       14208       14149       12769       11330       11389
       23189       22109       22049       20850       20789       20788       19527       18208       16888       15448       15507       14126
       26410       26409       26110       25450       25451       25512       24612       24613       23593       23533       23472       23473
       17008       17007       17066       18446       19767       18448       19828       21148       19948       19947       20007       20006
       13020       11579       11578       13078       13017       14457       15838       17278       18657       19976       21237       22437
       18731       17291       17232       17233       18612       19992       18673       19993       21252       22392       22332       23411
       18909       18908       20227       21486       20166       18786       17406       17346       17287       15847       14407       13027
       13227       13226       13166       14666       14605       14664       16045       17485       18865       18864       20124       20123
       23145       24165       24106       22966       22967       23028       24108       24048       24049       24050       23991       22911
       13485       13426       14867       13427       13488       14988       16367       16368       14989       14930       14990       15050
       21169       21229       22430       22490       23630       23691       23632       22492       22433       23513       24474       24533
       15854       14474       13034       13093       14532       14531       13031       14471       14470       13029       14468       13088
       14856       14857       13416       11977       11917       11858       11799       13239       13180       13119       13058       14438
       22931       22932       21733       21674       20474       19094       19155       17776       17715       16275       16274       14954
       24127       23046       22985       22924       23944       24905       24904       25743       25802       25022       24061       24062
       21679       22939       21739       20539       19279       17900       17840       16520       16579       16639       15258       15199
       14737       16117       17498       17438       17437       18757       18758       18819       18880       17560       19000       19001
       18955       17635       17695       17754       19074       19073       20392       20332       21591       22790       22849       21709
       20374       20435       20376       20436       21695       21756       21815       20615       20614       19234       19294       17914
       24128       23048       21849       23109       21908       20708       19389       18008       17947       19267       17887       17888
       21991       21932       21993       20734       19415       19475       19474       19473       18033       19353       17913       16534
       13962       13961       13960       15340       13899       13958       13897       12457       13837       13836       15216       16536
       22045       22106       20907       19587       20847       20787       20786       19525       18265       16886       15446       15505
       15643       14263       14202       14141       15522       16962       18343       18282       18281       18220       19539       20800
       12713       12654       12715       12776       12717       12777       14216       14157       14218       15598       16918       16919
       25971       25972       25312       25251       24411       23511       23451       22311       21171       19912       19852       19792
       12515       12516       11136       12636       12576       12635       12694       12753       12814       12875       14316       15697
       24832       25673       24773       24714       23753       22613       22554       21353       21292       20031       19970       19910
       21014       21074       19813       19872       21072       19812       21012       22152       22213       22273       22334       22333
       18455       18514       18574       18634       17194       15815       15814       14434       12934       14375       14436       15756
       25906       25965       25905       25305       25365       24585       23565       23505       23506       22426       21225       21166
       24438       23477       22397       22456       22457       21257       21258       21199       21138       19878       18498       18497
       16920       15481       15541       16981       18361       18421       19742       19801       19800       19859       19858       19917
       22473       21272       22532       23612       23672       24633       25533       26133       26134       25414       24575       24515
       22128       23209       24229       25129       25128       25127       24227       23327       23386       22305       21165       19965
       26176       25576       26296       26297       26298       26238       26179       25520       24681       23722       23663       22523
       26249       25590       26250       26251       26312       25712       25711       24811       24750       24691       25532       26193
       24280       25120       24281       25122       25123       24223       24282       23382       23383       22363       21164       21105
       21811       21750       20491       19170       20430       19050       17670       19049       18989       18928       20188       20189
       20055       20054       21314       22574       22634       21434       20175       18915       17475       16155       16214       16213
       21894       21954       23155       24175       24176       23156       23097       23157       21956       20695       19374       17994
       17726       19107       19048       19047       17666       17605       16165       14786       14846       13466       13467       13527
       19496       18116       18055       17996       19316       20636       20576       19255       17875       16495       16436       16497
       20659       20660       21919       23119       23118       21917       21916       21977       20716       19456       18016       16637
       15191       16631       15252       16692       18072       19453       19394       18014       19334       19274       19215       20535
       15611       15552       15492       16932       16993       18373       18314       18255       16876       16875       15495       15435
       18202       18203       16883       16884       16825       18145       18146       16767       16768       16769       16830       15390
       16984       18304       18365       19685       19744       19683       18363       19743       19804       21064       21065       21125
       24363       24424       25264       25324       25384       25383       24483       23522       22441       21300       20100       18840
       14034       12534       12533       12594       14033       15473       16854       16915       15595       14155       12775       12774
       13016       14456       14516       14577       15957       17338       18778       20098       20038       19979       21238       19918
       25226       25885       25945       26006       25947       25887       25228       25169       24329       23369       23308       22168
       23215       22075       22136       23276       22256       22257       23277       24297       25137       25196       24416       24476
       15608       15667       15728       15729       17109       17168       18608       18548       19868       19809       21068       22268
       22127       22186       23206       22066       22065       22124       20984       19664       19605       18225       18166       16787
       25099       24260       23301       23302       22282       21142       21201       21202       19943       18683       20002       20062
       20069       21328       22528       22587       23727       22707       22706       22646       21446       21386       22585       21384
       26060       25401       24621       24560       24619       24618       24557       24617       24616       23716       23776       22696
       18406       18465       17086       15766       17206       17265       17326       17325       17384       18704       18763       18822
       26064       25404       24504       24445       24384       25223       25283       25342       24562       24623       23664       22524
       23912       23973       24934       24994       25833       25832       25771       24930       24990       24029       22949       21809
       22961       21821       20561       19181       20502       21763       21764       21824       21823       21882       20623       20622
       22853       22792       22732       21472       21471       21411       20211       18892       17511       16071       16010       17390
       21491       21431       21372       20112       18791       18852       17472       16032       16033       16094       14774       16154
       19217       19277       19337       19398       18018       19458       18079       18080       16701       16641       16642       15262
       26282       26223       25563       25624       26285       25565       25625       24786       23825       22805       21606       21605
       24136       24076       24015       23954       24915       25754       26354       26293       25634       25575       24735       24736
       20605       21865       20604       20544       20485       19165       19226       19167       19227       19287       20608       20549
       17555       18934       20255       18935       20256       20257       20197       21397       22537       23617       22477       23497
       19005       20385       21646       20386       20327       18947       17627       16247       16308       17689       19069       20390
       20589       19270       19269       19210       20531       20532       19152       17772       16391       16450       15071       15072
       21685       22884       22943       23004       23065       23124       23125       21926       21867       23068       23009       23008
       25737       26398       26397       25797       25796       24956       24056       22976       23996       24955       25794       24954
       25909       25250       25191       24352       24292       23272       23273       24234       25134       25195       24415       25315
       23244       23183       22043       22042       23182       22102       20903       19644       19704       18383       18444       19824
       19840       21099       21040       19720       18460       17081       15700       14321       12881       12821       11380       11320
       19662       20862       22061       22121       23261       23200       23259       22119       20918       20919       20858       19598
       23343       24243       25082       25081       25140       25200       24359       25259       25919       25978       25317       25256
       17143       17084       18463       17082       18522       17202       17262       18702       20023       21283       21284       21285
       20014       20013       20074       20134       21395       22535       23555       23614       24573       24574       25415       25355
       13260       13200       13139       13138       14579       15899       17279       17340       18720       18601       18661       18721
       22444       21245       19986       19987       19988       21188       22448       22389       21190       22390       23471       24371
       17376       17316       18756       20016       21276       21217       21157       19897       18577       17197       15816       14496
       25240       25179       24339       24398       25298       25299       25958       26017       25956       25236       24456       24516
       24800       23840       22760       22819       22880       23961       22941       21741       20541       20482       21743       21803
       21338       22478       22539       21340       22541       22602       22662       23741       23680       24640       25540       25479
       23084       24163       24162       24102       22962       22902       21642       21582       22783       22784       23804       23803
       24111       23032       23093       23153       21953       21952       20632       20572       20511       20510       20449       19128
       25060       25001       25842       25783       25844       24944       25004       23984       23923       23922       24822       25662
       26107       26407       26167       26227       26228       26289       25628       25687       25688       26349       25689       25749
       20237       20297       20358       20299       21560       21499       22699       23778       24738       25638       24797       23777
       26056       26116       26055       25455       25454       26113       26053       25333       25933       25873       25213       25152
       21512       22772       22713       22714       22655       23736       23796       22715       22776       22777       22837       22897
       23253       23194       23255       24215       24276       25117       24217       23197       22057       22056       20857       20916
       22039       20838       20778       20777       20836       20835       19575       19576       19637       20897       19638       19639
       20985       19726       19666       18347       17027       17087       18468       19848       18588       18587       19906       19846
       22204       22203       23282       23281       23280       22200       23340       22320       21119       21180       21179       22319
       23357       23358       23359       24379       24380       24440       23479       22339       22340       21080       21020       21021
       25107       24268       24267       24327       23307       23368       22289       21029       19709       19710       19649       19708
       24494       25335       25334       25275       25936       25216       24376       24316       25155       25094       25153       25212
       15877       17258       17259       18639       20019       19960       21221       19962       18642       19963       19964       19905
       26270       26331       25611       25551       26151       26090       26091       25431       25370       24470       24530       24589
       14887       14827       16206       16147       16087       17468       17409       18789       18728       20108       20109       20050
       18494       19815       19875       21195       19936       19997       18617       19877       19817       19757       19758       19698
       23905       24805       24804       24865       25645       26306       26247       26186       25525       24685       23665       22584
       24097       25057       24037       24036       23976       24876       25656       26315       26254       26255       26194       25535
       24899       24838       24778       23878       22858       22918       24058       24118       25077       25018       25858       25078
       17461       17521       18961       20221       21481       20280       20219       21419       21420       22561       21301       20041
       17779       19160       19100       20420       20481       20422       21622       22822       23842       23783       22643       21443
       25038       25039       24980       25760       25819       24978       24917       25756       24916       25696       24796       24737
       25051       24151       24152       24093       24032       22952       21753       21693       20493       19174       17854       17915
       22011       21951       23091       23150       23090       23030       21829       20569       21769       22970       22909       21710
       23431       23492       23493       24393       25173       25232       25893       25954       25234       24454       24455       23495
       22095       22094       20893       22033       23173       23172       23231       24192       24253       24314       24373       23413
       17442       16062       14622       13182       14562       14561       15881       15880       17320       17321       18700       18759
       25171       24330       24270       24210       23251       23192       22111       20911       20972       22112       20913       19653
       25926       25206       24366       24307       24368       25148       25089       25150       24370       24311       23352       24372
       22194       23334       23333       22313       22314       21115       22375       22315       23395       24355       24414       24475
       22177       20976       19717       18457       19777       21097       22298       23318       23377       22296       21036       21095
       23700       23699       23638       23637       23576       23575       24535       25374       26033       25973       25314       25254
       24509       24449       24448       24507       24567       23608       23669       22589       21389       21390       20190       21449
       26340       26279       26219       26278       26277       26217       25557       24657       24656       25436       25376       25976
       25559       25560       25500       25501       25561       25621       24782       23821       23820       24840       23880       22740
       26013       25352       25351       24511       24510       24570       25470       26129       26068       26128       25467       25468
       25836       25837       25778       24939       24938       23979       22839       22838       21578       20378       20438       21698
       23148       22008       20688       20748       22007       20746       21946       20626       20567       20507       20448       20388
       25860       25741       25681       24901       23941       22801       22862       22803       23883       24903       24003       24002
       24983       24023       24923       25764       25765       24926       23906       22886       22827       21628       21568       20248
       24889       25789       26389       26388       25788       24947       24887       23927       23868       22848       22788       21589
       19223       20483       20423       19104       19044       18984       20304       21504       22703       22704       22644       21444
       21843       20583       21842       23102       23103       23104       23044       24064       24063       24122       22982       22921
       20617       20676       19357       20737       19477       18096       16717       16716       16656       16596       15156       13716
       23489       23488       22468       22407       22346       22286       22285       23365       24265       25105       24264       23303
       25861       25202       25262       25921       25981       26042       26103       26404       26105       26046       25326       25985
       25940       25279       25280       24441       24502       23541       22521       22580       21381       21442       21383       21323
       24528       24587       23567       23628       22488       23508       22428       21288       20088       20027       19966       20025
       26058       26119       26420       26180       26181       26242       25583       25643       24802       24742       24741       25581
       19007       20267       21526       21466       21525       22785       23925       22905       21706       21707       21648       20389
       26268       25609       24768       24708       23749       23689       22669       22668       22607       22546       22486       21286
       25599       24759       24698       25537       26198       26138       26437       26136       25416       25417       25356       24576
       21910       20650       20651       21971       21972       21912       21853       21793       22994       23055       21915       20654
       24973       25033       24972       24971       25811       24911       23891       22812       22753       22814       22755       22756
       24869       24808       23848       22828       22889       22830       21631       21570       22710       22651       21450       21511
       21595       21534       21475       22676       22617       22678       21538       22798       22859       21719       21780       21840
       23051       22990       24070       25030       24969       25809       24968       24967       24006       24906       23946       24966
       24818       25657       26318       26378       25719       25780       24880       23920       24820       25661       25602       26261
       23750       24770       25610       25670       25730       25671       25732       24892       25792       25853       25854       25014
       24407       25307       25308       26028       26087       26148       26447       26446       26146       26205       26266       26265
       24523       24464       24463       25363       25302       24402       23441       23440       23499       24519       24579       25420
       22566       22507       23587       24548       24608       25388       25329       24549       24550       24491       24432       23412
       16362       16363       16304       14924       16305       17745       19185       19245       17805       16485       15104       13664
       23875       23876       24835       25615       25555       26214       26153       25492       25433       25434       25375       25316
       25503       24603       24602       23702       22623       22624       21364       21363       21302       19982       19981       20042
       22577       22637       21497       20177       20118       21378       22578       22519       21320       21321       21382       22583
       26022       26082       26141       26080       25421       24582       24642       25483       25484       24704       24763       24762
       19359       20680       21939       23138       23139       23079       24099       23019       22960       21700       20439       21699
       20306       20366       20307       18927       17487       17428       17427       18808       20127       20187       21447       21508
       23649       22570       22631       23651       24671       23771       24731       24792       24853       24794       23835       23836
       25606       24766       24826       25726       26326       26385       26324       25664       26323       26262       25601       25541
       23401       23461       23460       24419       24480       24540       23579       22498       22438       23517       24477       24536
