          36         335         274         333         332         331         390        1110        1111         452         393        1054
       10083       11462       10142        8763        7383        6063        4804        4744        3544        2524        1565         665
        1768        2728        3868        5067        5007        3806        2726        1826        1766        1707        1646        2605
        5107        3906        3966        3967        3908        3848        3909        2769        2770        2831        2890        3969
        1786        1726        2687        2746        2686        1666         886         166         165         824         764         765
         269         929         209         148          88          87         748        1588        2608        3687        3686        2546
         253         313          14          15         375         434         493         554        1215        1216        2057        3018
        2001        2002        1163         503         562         501        1160        2000        2059        3079        3019        2058
         997        1897        1898        1958        1117         458         398         339         278         219         878        1778
         460         521         522         523        1123        1064        1964        1965        2865        3946        4006        4065
        9381       10760       12139       10819        9379        9319        9260        7880        7821        6561        6621        7941
        4319        4260        4200        3180        2280        3300        3241        3242        3243        4263        4202        4142
        6362        6421        5161        3901        3902        3903        5104        6424        6484        6425        6364        7624
          80          79         138         738         678        1458        1398        1399        2360        3500        4760        6019
        1199         540         479         420         360         960         240         180         181         182         122         123
         423        1082        1142        1981        2041        2101        1321        1380        2219        1378        2278        2279
       13222       13161       13102       13163       11783       10343       10282       10223        8842        7461        7460        8780
        6145        6204        6264        5064        5123        3983        2843        1883        1823        1764        1705         866
        7696        7695        9076        9017       10337       10338        8898        8837        8777        7337        7338        7399
        2647        1687        2707        2766        2705        1744        1803         963         902         843         783          63
         768         107         108         109         170         890        1670         831        1611        2572        3712        3653
        2979        2019        2078        1238         577         576         575         515         574         514         454        1113
        2937        4018        2938        2999        2039        2098        3118        3117        4137        4136        3055        2035
        4389        4330        3251        2231        3131        3130        4150        5410        5409        4149        5289        4089
        1071        1911        1971        1191        1192         472         473         533        1194         535        1255        1254
       13939       13879       12438       11059        9678        9677        9617        9558        8177        6797        5538        5597
        5344        4144        3124        3065        2105        1265        1264        1263        2163        2162        3062        4141
        2977        2916        1955        1896        2856        3996        5196        3995        3934        2854        1834        1893
        7025        8345        6966        6965        8344        8404        8464        8524        8584        8583        8642        7262
         627        1527        2486        3566        2487        2428        2369        2370        3449        3390        3331        3391
        5989        5990        6051        6110        7490        8871        7551        6291        6352        5092        5033        5032
        6202        4943        4882        6082        4823        6084        7404        7343        8723        8782        7401        7400
        1424        1423        1482        2442        2382        3522        3581        3580        4779        3578        2558        3638
       14404       12965       12904       11464       11405       11406       11347       12786       12787       14287       14347       14346
          43         344         285        1005        1065         465         525         585        1245        2086        2986        4126
        1889        1048         328         327         326          25          24         323         264         205         865         805
        1776        1775        2675        2674        3694        4893        6153        6214        7534        8914       10354       10353
          46         347         287        1007        1848        2807        3888        3889        5029        6290        5031        4972
         467         468         409         350          51          52         292         293         954        1793        2753        2693
        3248        3247        3186        4266        4205        5345        6606        6546        6487        5227        4028        2948
        2249        3269        4409        4408        5668        6927        6926        5606        4406        5546        4286        4287
        5242        4042        3981        2901        1942        1042         381         321          20          19         319          18
        1226         565        1224        2124        2125        1345        2245        2186        1347        2247        3206        3147
       10422       11862       11861       13361       14802       13363       11863       11864       10424       10365       11746       11806
        2872        2932        4011        4070        4131        4132        4193        5394        5334        4074        2995        2994
        6222        4902        4963        4964        4965        6285        6346        6405        6466        5206        5266        5326
        5062        3861        3860        5120        6380        6439        6499        5238        5298        4038        2957        3017
        1242        2081        2021        1180         580        1300        1361        2201        3160        4180        5381        5322
        6613        5354        4154        3075        4155        5356        6616        7937        7938        6618        6679        6620
        9516        8196        8195        8134        6754        6815        6816        6755        5435        5374        5373        5433
         811         810         151          92         153          94         154         214         875         876        1717        1657
        1421        2380        1419        1479         640         700         761         760         820         879        1718        1658
         652         653         654         715         776        1616         775        1614        1673        2633        3773        3832
        1406        1405        1404        2364        2423        3563        2543        1643        2604        2665        1645         804
         702         762         162         222         281         942        1782        2682        3702        2623        1603         703
         356          56         296         236         895         835        1676        2696        2695        2755        3834        4974
        1384        2284        3364        4504        4445        4505        5764        7083        5763        5822        7202        7142
         256         856         136         736        1576        2537        3557        3556        4757        4758        4759        4700
        1027         367        1087         428         487         546         545        1145         485         425         364         304
        4773        3572        2493        1593        1653        2612        3692        2672        2733        1773        1833        2792
        2452        2451        1431        1430         650        1550        1549        1488         647         646         645         704
         120         179         238         958        1858        1918        1077        1136        1197        1257        2096        2036
        1333        2174        2114        3073        3013        2054        3015        2955        4034        5233        6493        7813
        3023        4104        5364        6625        6566        5307        4108        3088        3087        4166        4226        4225
        7740        6360        5099        3899        3898        3897        3836        5096        5037        6237        7557        8997
        8093        6772        6712        5451        4311        5511        6711        8091        9411       10791       12111       10730
        7929        6608        5347        5407        4208        3127        3067        3066        4086        5287        4088        4029
       11163        9782       11161       12602       14102       14161       12781       11341       10021       11460       12899       12959
        3505        3565        4766        4707        5967        5968        6029        4769        3570        3511        4651        3451
        4732        4733        4672        3471        3470        3410        3351        4551        5871        7190        8570        8630
         669          69         729         730         791         132          72         672        1513        1572        1632         852
        1689        2589        2530        2529        3610        4810        4750        6009        7329        7270        8650        8710
          85         744          83          82         742         683         622        1461        2422        3562        4761        4821
        4606        4665        3466        3467        3468        4728        4789        3590        4791        4852        4913        3713
        7193        7254        8634        8693        8752        8753        8754        7374        6053        6112        4912        3772
        1036        1035        1876        1817        2776        2716        2657        3738        4939        4879        4820        3620
        1062        1061        1900        2860        2800        2741        2681        1661        1660        1599        2619        2618
         251         190         249         308         248         187         246         186         845        1625        1564        2464
        2744        2803        2863        3883        5084        6404        5204        4003        4063        3043        4183        5323
        1880        1820        1761        2661        1641         801         862         922         202         203         864        1704
        6757        5496        4296        3216        2196        1355        1354        2134        3034        4174        4173        4232
        1451        2410        2409        1448        1387        2346        2406        2467        1507         666        1505        1504
        1108         448         508        1228         568        1229        2070        3030        4170        5371        4172        5372
       11980       12041       12042       10663       10602       10541       10600       10660        9281        7841        6581        6642
        2908        3987        4048        3989        5129        3929        3990        3931        3991        5251        5312        4112
        6794        5534        6793        6732        5532        4333        3193        2234        3195        4276        5477        5478
        2719        3859        3858        4998        5057        6317        6256        4936        4877        6138        6079        6080
        9454       10835       12155       13535       12035       12036       10655       10715        9334        7954        6633        6572
        3035        3096        3097        4117        5318        5377        6636        6575        6515        5254        6513        5313
        3288        3289        4370        4309        5569        5568        5507        4306        4245        5385        4125        5265
        6837        5578        5519        6779        8100        9480        9421        8101        6781        5522        6783        8103
        2189        1348        1289        1290        1351        2190        3150        4230        4289        4288        4227        3207
        6941        8262        8322        8263        8203        8144        8145        6765        5506        5447        4187        4188
        4375        5515        4314        4313        4373        3292        2272        2213        1313        2154        3054        2034
        9308        9369        9428        8047        6728        5528        5587        4386        4325        5524        6784        6723
        1187        1248        1309        1368        2209        3170        4190        4189        4248        4247        4186        3107
        7066        5745        7005        8384        9763        8383        7003        7063        8503        8502        8561        8500
        1919        1980        1861        1801        2762        2702        3781        4921        3780        3720        4860        4859
        3396        4597        3457        2378        1417        1476         635        1535        2555        1596        2556        1656
        1455        2415        2354        2294        2295        2296        2297        2298        3379        4639        5959        6020
        2610        1650        1591        1532        1471        1472        1412        2372        3392        3333        4532        5792
         630        1470        2490        3630        4890        4891        4951        5012        5073        6332        7652        9032
        4498        3358        3357        3418        2339        1439         659        1500        2400        3540        3600        3599
        4621        4682        4741        3541        2461        2402        2342        1382         602         603        1503        2523
        9101        7721        6461        5141        6401        6342        5081        5080        3820        2740        2679        1719
        2267        1367        1366        1365        1305        1364        2203        3103        3044        2985        4066        4067
        2216        2275        3175        4256        4257        5457        6717        6658        7979        9359       10740       10800
        6183        4983        3843        3844        3904        2824        1924        1984        2943        3003        4082        4143
       21213       21273       20014       18634       17254       17314       17374       15993       14673       13232       11793       10413
       15307       13866       13806       15186       13686       12186       10806        9366        9426        8045        9424        8044
       11913       13354       11915       10535        9154        9153        7713        7712        7772        7831        7891        6511
        7487        6168        4907        4847        3647        3586        4846        3646        2506        1486        1485        1544
        9244        9304        9245        9186        9187        9188        9129        7749        6369        5169        5229        5230
        7544        7603        7664        9044        9104        9163        9164        7844        7904        6584        6583        5383
        7943        6563        5243        6443        7763        7824        7825        6565        5245        5185        5126        3926
       12271       12270       12211       10771        9392        9453       10773       10713        9273        7833        6573        5253
       13803       12423       13923       13924       15304       15305       16686       16687       16628       15188       15189       15249
       11763       13203       14583       15962       15961       14641       16081       16141       16201       14880       14820       14759
        9707       11027       10966        9646        8266        8207        8208        9528        9469        9410        9351        9290
        8088        9467        9466        8026        7966        9347       10667       10607       11988       12049       11990       10670
        6769        8089        6709        6650        6590        7909        7849        6530        5269        5328        5327        5387
        4415        4414        5674        5675        5676        5677        5618        5558        6878        8199        9519        9580
        2263        3283        3282        4361        3281        3220        3279        4358        4298        5499        6699        8079
        7037        8417        9857        9796        8356        9735       11115       12615       12675       14116       14055       14056
       12631       11251       11252        9871        8551        8492        8433        7053        7052        5733        4472        3332
        3403        4602        4662        4722        6042        6101        6100        7360        8741        8681        8620        7241
        1558         778         838        1678        2698        1739        1680        1681        1621        1562         723         724
       14044       13985       15365       15424       16805       15426       15485       14105       12664       11225       11166       12605
        4517        3317        4518        5778        7098        7039        5720        4520        5840        4640        5960        7279
        8506        9886        8505        8504        9944       10005       10006       11387       11448       10008       10009       10070
        7214        7275        7276        5955        5954        4693        4694        3554        4814        4815        6135        7455
         160          99         158          97         157         757         697        1477        2436        2497        2557        3637
       10419        9038        8977        8916        8856        7416        7417        6098        6158        4899        3698        2617
        1831        1830        2790        3810        3749        4948        6209        6148        6088        7468        7528        7527
       11505       11504       10184       10125        8745        8806        8807       10187       10248        8869        7549        8989
        1271        1211        1991        1930        1090         430         371        1032         971         970         911        1752
        7235        5915        4655        3515        3574        4774        4835        4836        4896        3756        2677        3697
        7786        7847        7788        9108        7668        7607        6288        6228        4969        3770        4971        3831
       10198       10137        8697        8696       10075       11454       11513       11453       12892       11392       11391       11332
        7573        6252        7571        7570        6249        4990        4991        3791        3732        3793        3792        2772
        4453        5773        7093        8474        7095        7156        5836        4636        5897        7217        7278        7339
        5235        6435        6434        6373        5114        5054        3855        3915        3976        3977        2898        2958
         860         919         978        1038         438         439         498         558         497        1156        1997        2056
        8858        8919        7599        7658        9098        7717        7716        7655        9034        9035        8974       10414
       11576       11575       11636       13075       13136       11696       11755       10315        8995        7555        7616        7617
        6310        6309        7569        7628        7627        7686        9066       10445        9064        9004        7684        6365
        5632        5631        6891        8211        8271        9650       10970       10911       12231       12171       13551       13550
        1335        1336        2176        1337        1338        2178        3198        3197        3137        4217        5418        6738
        5530        6790        8050        9430        9371       10751       10811       12190       12250       13630       15069       16509
       11008       11068        9687        9627       11006       12326       13767       13826       15265       15264       15203       13763
        5541        5542        5482        6682        5422        4162        4101        3021        4100        4160        5420        5421
        9415       10795        9416        9476        8095        9474       10853       12232       12173       13613       15052       15053
        6897        6896        5696        4436        4437        3297        3296        2276        1376        1315        2095        2094
        2180        1280        1340        1281        1342        1343        2123        3143        3144        4284        4285        3145
        4627        3426        4625        5945        7264        7325        7385        7445        7504        8944        7564        6304
       10155       11595       11535       11476       10097       10096       10037       11418       10039       10100        8721        7340
        8605        7224        5904        4644        4583        3383        3322        3323        3382        4642        5962        5961
        4478        5739        6999        8380        7001        5741        5742        4481        4540        5860        7180        8560
       12517       12518       14018       12638       12697       12757       14196       15576       17016       17077       15757       14437
        5927        5868        5807        4487        4546        4485        4544        4604        5864        7183        7242        8621
        3672        3613        3552        3492        2352        2291        2350        2349        2288        2289        3369        4570
        2714        1814        1753         853        1693        2654        2655        3675        4874        6133        7454        7515
        4806        3666        3726        4986        6186        6127        4868        4807        4746        3486        3545        3606
       16966       15585       14145       12704       12703       14203       14263       12823       11382       11322        9941        8501
        9085       10405       11786       11785       11725       11665       10286       11667       11607       10167       10166        8846
        4632        5952        5891        7271        8652       10031       11411       12850       12849       11469       11528       11527
        7291        5971        5972        6033        6092        7411        7470        8910       10230       11670       13110       13169
        4928        6187        6126        7506        7567        8947        8888       10268       11647       13087       11587       12967
        4729        3589        3649        3708        2629        2690        2749        1849         949         889         289         228
        6043        4784        6045        6104        6103        4844        3704        2624        2563        2504        1484         644
        3478        4738        4797        4796        6056        7436        7435        6175        4914        6173        4973        3833
        8904        7523        7583        7642        7641        7580        7520        6260        6200        6140        6081        6021
       11847       13288       14728       14789       16229       16290       16350       16410       17789       19229       20489       21748
        7776        6455        6454        5134        5075        5076        6276        6277        6218        4959        3759        3699
        7589        7590        7650        6390        7710        9030       10409       11789       10410       10351       10412        9033
        6410        6470        6409        5209        4008        2927        1968        2029        2989        3048        4127        3046
       15330       13889       13950       13951       13892       15333       16712       16713       18094       18034       17974       17975
        1088        1147        1208        1209        1269        1329        1328        1267        2047        1988        2949        3009
        5679        5620        5560        6821        8141        6761        8082        9462        9402        7962        6582        5382
       13153       11713       11654       11655       10274        8954        8953        9014       10454       11894       13394       14894
        4403        4404        3264        3263        4342        3262        3201        3260        4280        5540        5539        6739
        8132        8191        8251        6932        6873        5613        4353        4294        3213        4292        5432        6632
        8302        9681        9680        9620        8239        6919        5659        4399        3259        4279        5419        6680
        3354        4555        4556        5876        7136        7137        8577        7257        7258        7319        6000        7260
       11297       12677       14117       14118       15438       15377       16757       16756       16755       15374       13995       13996
       11305       11304       11303        9863        8483        7043        7102        7162        5782        5841        5900        7219
       10058        8679        7298        7238        7177        7117        7057        8438        9818        9878        8499        7120
        9958       10019        8699        8760        7440        7500        6120        7381        6061        6001        7261        8641
        7328        5948        7208        8587        8526        9906       11226        9786        8407        9727       11107       12546
        7296        5976        6037        4717        4657        4598        3399        3459        4660        5980        7240        7181
        7249        5869        5809        4549        4489        4490        5749        7069        8509        7128        8568        9949
        3513        2373        2374        3394        3334        4535        5794        5854        5913        4653        4592        4531
       16243       14864       13424       13365       13366       14807       13368       14748       14749       13308       14688       14627
        2515        2455        1496        2457        2518        2578        3658        3597        3536        3476        4675        4674
       13147       13206       14706       14707       16086       16025       16084       17463       18844       18904       18964       20344
        8547        8486        9867        8488        8548        9929       11249       11248       11247       12627       12626       14065
        5153        5213        6472        6473        6532        6593        7973        7972        9292       10672       10671       12050
        4455        4515        4574        3373        4572        4571        5771        4451        5711        4450        4509        4569
       11782       10462       10523       10583        9202       10581       11960       10520       11840       11779       10459        9019
        6578        6517        7897        7956        9396       10777        9397       10717       10658       12038       11978       10538
        1017        1856        2876        3955        2875        2934        1914        1073        1853        1852        2752        2692
        6482        7742        7802        9242        7863        6603        6663        7982        9361        8040        9360        9301
        8967        7586        7646        7705        7766        6447        6448        6509        5249        6510        6571        6512
       12125       12066       12005       12004       10564       11884       13384       14823       13382       12002       12061       10681
        9664        9663        9662        8281        6901        6902        5642        5583        5644        6905        6906        6845
        2921        4061        5260        5199        6459        7779        7839        7899        6639        5380        5321        6580
        7917        6596        5276        5216        6475        7795        7854        9294        9233       10612       10611       12051
        8175        9554        9613        8293        9674        8294        6914        5655        5596        4397        5537        5598
        5686        5627        6887        5626        4425        4424        5623        5563        4303        4302        4243        4182
        8155        6895        8275        9595        9596       10916       10977       12357       12296       13736       15177       16558
        8305        8245        8185        6864        6863        6922        8243        9683        9623       11004       12324       13704
       10904       10964       12343       10962       10901       10960       12400       13840       13841       13782       13723       15163
       12408       12348       12288       12289       13669       13668       12168       10788       10849       12230       13610       15049
       18179       18178       16797       15418       14039       15420       13981       14041       15422       15362       16802       16803
       14030       12530       12531       12592       11152        9773        8392        8391        9770       11210       11271        9951
       14113       12733       11293       11352        9973       10034       10095        8714        7333        8713        8774        8835
        1436        2336        2335        2334        2333        3413        4614        5873        7253        8632        8631       10010
        2308        3388        3329        4469        5728        4467        5787        7108        7169        5850        4591        5852
       16904       15464       14024       12585       11205       11206       12647       14087       15407       15406       16787       16786
        8456        9776        9775        8394        7015        7074        7073        8452        8511        8512        9891        9952
       15763       15762       14382       14441       13001       11621       11620       10180       11500       11440       10000       11380
        3655        3656        4916        4917        6117        7437        8818        8878        8939        7619        7618        6297
       10503       10443       10383        9002       10381        8941        7501        8821       10260       11580       11519       11518
       14861       13481       14920       14860       14799       14738       14678       14677       14676       13296       13356       14856
       15798       15858       15917       15977       16037       17417       18798       17419       18859       20180       20121       20182
       10302        8921        7601        9041        7660        6340        5079        3878        3877        2737        2678        3758
        8830       10270       11651       10272        8952        7632        9012       10392       11832       13332       13393       14834
        9175       10555       11935       11875       10435       10494       11814       11873       11933       11932       11991       10610
        7810        9250        9251       10571        9192       10572       12012       10633       12014       12015       13454       14893
        6378        6437        7817        7816        7815        9194        9193        9134       10513       11893       13334       14773
        8143        8083        8024        9405       10784       10723        9343       10783       12162       13602       13663       13604
       17705       17644       17585       16205       14885       14946       14887       13507       13567       13628       15068       16448
        8219        9598        9538        8098        9478       10918       12238       13738       13678       13617       15058       15057
       14944       13504       13565       12124       10743       10803       12183       12244       10864        9544        8104        8043
        6745        8064        6743        8062        9442        9502        9562       11002       12382       12323       13703       13762
        8260        8319        9699       11078       11018       10958       12337       12276       12336       13775       13776       15215
        9459        9458       10838       12219       12158       12099       10659        9339       10720       10780        9399        8020
        9660        8280        8161        9541       10921       12241       12360       13740       12240       12181       12121       12180
        8329        9710       11089       12469       12468       13968       13907       15346       15285       15224       13724       15164
        4439        5699        6958        8277        9717        9716       11095       11034       12413       13853       15293       16672
        6847        8107        9547        9606        9666       11046       10987       12307       12248       13748       13749       15129
        6985        6986        6987        7048        8429        9749       11129       11128        9747       11126       11185       11184
        6047        7368        8748        8687        7306        7305        7245        7304        8683        8622       10001        9940
        5826        5825        5766        4507        5707        5768        5709        6969        8349        9729       11108       11167
        7055        6995        8435        7115        8555        8556        9937        9936        9997        9998        9939        8619
       18189       19509       19569       19628       20828       22029       20830       22031       22091       20890       22089       23229
       18348       18349       16909       16850       15469       14089       12709       11209        9828        9889        9950        8569
       15606       16926       18366       17046       18486       18546       18606       18607       19987       21246       21186       21126
       12558       11119       11179        9859       11239       12739       12740       12801       14242       14183       14123       14184
       14368       14428       12928       11488       10168        8787        8848        8789        8730       10110       11430       11490
       17940       17880       16440       16379       14939       16320       16321       17702       17642       18962       20283       20284
       10152        8772        7452        7511        6131        7391        8770       10210       11650       13089       13028       12968
       14325       14384       14444       13003       13063       13123       11743       13183       14624       13185       13246       14687
       18370       18311       19632       19572       20772       19512       18193       18132       16753       16754       15375       13994
       10314        8933        8873       10193       11633       13073       14453       14452       14511       15951       16010       17330
       11539       13039       13038       13097       13157       13156       13216       11775       13275       11895       13395       14895
       17272       17271       18650       18589       17209       15828       14508       14507       15888       17328       16008       14628
       18783       18724       17345       15964       14524       14464       15845       15785       14465       14526       14467       14408
        1934        2894        2833        3912        3972        5171        6432        6492        6551        5290        4030        2951
       11737       11677       11617       11616       11555       10174       10115       11435       11436       12877       14316       14377
       17605       16224       17603       16163       14783       13344       11904       11905       10585       10586       11967       11968
       13144       11705       10326       10387       10388       10389       10390       11771       13211       13272       13333       14833
       15870       15929       15989       14610       13171       11731       11672       13052       12992       12933       14372       14311
       16383       16444       15064       13624       13623       13562       14942       14881       14940       13500       12120       10739
       11827       11886       11947       12008       12069       12070       13510       13570       13511       13452       14892       14952
       13351       11912       11973       12034       13534       13533       12092       10652       10591       11970       12030       12029
       16456       16516       16575       16635       18014       16633       16632       17952       17951       17890       16510       15190
        5634        6893        8153        9593        9652       11092       12471       13912       15351       15291       13852       15232
        8171        8111        9551       10932       10872        9493       10813       10752       12133       13633       15013       16393
       10763        9384        9444        9504        9565       10945       12265       12206       12145       13584       12204       12263
       15725       14285       15605       14224       12783       12723       11343        9964        9963        9902        8582        8581
        3385        3326        4586        5786        5725        5785        7105        8485        9805       11125       12565       12625
       15402       14022       12582       12521       12580       12520       14020       12640       11201       11260        9880        9819
        9738        8358        9739        8360        8361        6982        8362        9742        9743       11183       12624       14004
       15550       16930       16869       18249       18190       18129       16748       15428       15368       13987       12607       11227
       15452       14071       14132       14191       15570       16890       16891       16951       18330       18389       18388       16948
        3302        4442        4441        4560        5820        7139        8519        8460        8401        7081        7141        7201
        8530        8471        9791        9731       11112       12612       12611       12610       12549       12488       12547       11106
       15453       15514       16834       16773       15393       16774       15395       14016       15396       16836       18217       19597
        5701        6961        6962        8402        9842       11221        9901       11340       12720       12659       11219        9899
       15487       16867       16928       15548       14169       14109       12729       11289        9849        9848       11168       12548
       20154       20153       18832       17392       16012       14632       13252       13311       14691       14630       14689       14629
        5427        6687        8067        9447       10767       10768       10709       12089       12149       13649       15029       14969
       14755       14694       14633       13133       11753       10373        9053        7674        6354        6293        6232        6233
       15804       14425       14426       15746       15687       15627       14248       12807       12746       12686       14125       12685
        5966        6025        7345        8725       10045       11424        9984        9923        9982       10041        8661        7281
       18670       17230       15849       15909       14589       13150       11709       13209       13269       11889       10509       11949
       16065       16125       17506       17507       17447       18827       18768       18708       18769       17388       16009       17389
       14813       14753       16133       16193       17572       17632       17693       16312       14932       14992       15051       14991
       16110       14730       14731       14792       14852       16232       17612       17611       18992       20312       20251       20310
        5218        5219        6478        7797        9177       10617       10677       12117       12057       12118       12119       13560
       10469       10468        9087        7708        9148        9208        9267        7887        7948        9328       10648       12027
        2966        2007        1107        1106         445        1045        1885        2845        3925        3864        5065        5066
       14965       14966       14967       14968       13588       13647       15086       16526       16586       16525       15144       13764
       19171       19112       19053       19054       17675       17615       16234       16294       16354       15034       15094       16473
       16377       16316       14937       14877       13377       11938       10498       10439       10500       11880       13320       13379
       20701       19441       19381       19321       19262       17882       16502       15182       16563       18003       18064       19443
       12478       12477       13977       15357       16738       16739       15359       13920       13859       15239       15178       15118
       13932       13931       12431       11052        9671        8290        9669        9668        9609       10990       11049       11050
       10640       12019       10638       12017       10577       10517       10578        9138        9139        9079        7700        7699
       12415       13856       15356       15355       16734       18113       18112       18111       19431       19371       18051       19430
       16648       15328       13888       13947       13946       13945       12445       13884       13943       13883       13822       13761
       13461       13521       12082       10703       12083       13583       15023       15082       16462       16523       15143       15202
       21553       22754       21555       20295       20354       20413       19153       19213       17773       17713       16273       14953
       20558       21819       21820       20560       20501       20561       19181       17861       16541       16482       15103       16483
       13638       12258       10938       10877       10936       10875        9495        8055        9375        7935        9314        7933
        9696        9697       11076        9695        9634       11014       12394       12455       13895       15275       16595       16535
       15344       16725       18106       19485       19486       19425       19365       17986       16606       16545       15105       13665
       11541       11482       11422       12861       12920       12859       14359       15739       17120       17119       18439       18380
        8398        9779       11158       12597       12657       11216       11277       11336       11397       10017       10018        8698
       16863       18243       16923       15543       15602       15661       17041       17040       15720       14339       12898       12958
       16795       16856       18296       18236       19557       19617       20878       19619       19560       19561       18181       18122
        7233        8673        8732       10172       10232       10171       10112       10052       11433       12873       12872       11431
       17164       18544       18603       18542       18541       19862       21182       21183       19924       19983       21242       21181
       14402       15782       14401       13021       13081       11642       10262       11643       11584       10205       11586       12966
       19831       19830       18450       17070       17071       15692       15633       14193       14254       14315       14376       14375
       11626       11567       12947       14387       15766       15825       14446       14506       14566       13186       13247       13188
       19833       19894       19895       21155       22295       23374       23313       22233       22292       22291       23370       24330
       12055       13496       13436       14936       14875       14815       14756       13256       14697       16077       16138       16198
       10340       11660       13100       14540       14600       15979       17299       17240       17300       18681       18741       18801
       23186       23185       23245       22164       21024       21084       21144       21205       20005       21264       21324       21323
       14960       14899       16339       16280       17600       16160       16100       16101       16042       17362       18743       18802
       11441       11502       10122       10182        8803        7483        8863        8924       10305        8926       10366       11747
       12235       12234       13734       15114       15055       14994       14993       16433       16493       16552       16491       15110
       17599       19039       19038       17718       17657       17597       17596       18976       17595       18974       17654       16334
       17493       16053       17373       17434       16055       14615       14555       13175       11734       11674       10294       10234
       20438       19117       17737       17677       17678       17619       19000       20260       21520       22720       23801       22721
       15288       16669       18109       18108       18047       17988       16548       16487       15047       13606       12165       12164
       10608       10549       11869       11870       11810       11749       13129       11689       10308       10367       11807       13187
       14828       14889       14829       14770       16150       16091       16151       17532       17592       17652       16212       16272
       12463       12462       12403       11083        9704       11085       12465       13845       13786       13726       13666       12226
       20659       20720       21981       20722       21983       23123       23062       23061       24140       24080       24019       24980
       15018       15078       13637       12196       12195       12136       10696       10757        9377        8057        8058        6798
        8308        8249        8188        6808        6809        6749        8070        9451        9390        7950        6631        6692
       23224       22144       22085       22026       20827       19627       20947       22146       22086       20946       21006       21066
       23271       23212       22192       20991       19671       18411       18351       16911       15471       14151       12711       11331
       20781       19581       19641       20902       19642       18382       19762       19821       18501       19820       19759       19699
       14237       15618       16999       16939       15619       15560       16941       17001       17062       15683       15624       15625
       18162       19542       20803       20863       22062       20922       20983       21044       19783       18523       18584       19904
       12854       14293       14232       14231       15611       17051       15731       14350       14349       12908       12907       11467
       17091       17150       17090       15650       14330       14389       13009       12948       12949       12890       11390       10011
       17248       17187       15867       15927       14607       14548       13107       13108       13049       12990       12930       14310
       17626       19005       18945       20264       20203       20263       21522       22662       22603       22544       22545       22486
       14357       14296       14355       14416       14475       15855       15914       15974       14593       14652       14713       16153
       19652       18333       18392       18453       17133       17132       17192       15872       15871       14431       12931       12871
       19911       19851       18532       18533       18534       18535       18536       19916       21177       22378       21179       21240
       13431       14870       16190       17569       17629       17568       18948       20269       20209       20268       20329       21649
       10190       11571       10251       10311       11751       10431        9050        9111        9110        9171        9170        9231
       17873       19252       19193       20513       19194       19195       20515       20576       20577       19258       17879       16498
       16284       14903       16282       16281       17601       18981       17602       18922       20243       18923       20183       20122
         512        1232        2132        2192        2133        3033        2013        2972        3992        5192        5252        5311
       20218       20278       20339       19079       20398       21658       21597       20397       19137       17758       16438       16499
       18775       17455       17394       16015       17396       17457       17518       17578       17637       16258       16199       17579
       19473       19472       19411       20671       20610       20669       20729       21929       21870       21869       21868       20548
       22749       23889       22869       22868       21668       20407       20408       19087       17706       19086       20346       20345
       12391       11010       11011       11012       11013       10952       12272       12273       13653       13654       15154       16533
       15040       16420       16361       17681       19062       19123       20503       19243       19184       19244       17924       16484
       24148       25048       25047       24986       25045       24145       23005       24025       22946       22887       22948       21749
       16591       15212       15211       15150       15209       16529       16468       15087       13587       12087       12028       11969
       12352       13792       13731       15170       16551       17930       17869       19189       19130       17751       16431       16430
       15194       15134       13754       13815       13876       13935       13936       15316       16697       15318       15258       15198
       18202       16822       15442       14061       12620       11181        9861        8481        8540        8600        7280        7341
       16820       16760       15379       15380       14001       12562       12502       12503       14003       15384       14064       14005
       18125       18126       18187       19506       20765       19504       20763       22023       20822       20821       20881       22140
       15617       16996       17055       18435       16995       18376       18317       18258       18259       19639       19700       19640
       19601       19660       19720       18400       16960       15520       14139       15518       15578       16957       16897       18277
       18475       17096       15656       15657       17038       16979       18359       19678       20998       21058       21119       21120
       25864       25204       25145       25086       25147       25087       24187       23287       23286       23345       22265       22325
       11603       12983       14422       14362       15742       17182       17242       15922       15923       17363       18803       18742
        4140        5340        6660        6541        6601        7980        7919        7859        7860        9240       10680       12060
       13278       13339       14779       14838       14898       14897       14956       15015       15014       13573       13512       13453
       18572       18631       18690       18691       18752       18692       18751       17431       17490       18870       20250       21510
       24729       23768       23707       24667       24726       24665       23705       22685       21485       20226       20285       19025
       12032       13471       13531       14971       16352       15032       15092       16472       17851       19232       17853       16474
       19179       17798       17859       17860       17919       17918       17917       17916       17856       17796       17795       16414
       20401       19081       20461       19141       19142       19143       20523       20463       21663       20403       19023       19024
       12202       12201       13640       13700       12320       12380       10940        9500        8119        8120        6740        5479
       22751       21611       20351       20410       20349       20290       18970       17589       17649       16329       15009       16449
       21944       23144       22004       20743       19483       19422       18041       18042       16663       16603       16544       16543
       19498       19439       19378       20698       22018       22019       21960       21900       20640       21840       22980       22861
       19445       19444       19385       19325       20645       20646       20586       19206       20525       19145       20405       21666
       18022       17962       19343       19404       18025       18085       19466       19467       19468       20728       21928       21867
       15219       13779       13718       15098       16418       14978       13537       13597       15037       15096       15155       16475
       25269       24369       23410       22270       22210       21010       19749       18428       19747       21067       22266       22326
       11355        9915        9854        8473        8414        7034        8354        8353        9732       11113       12554       13993
       18169       19549       20810       19551       18232       18293       19614       19674       20934       20873       20814       20875
       18713       17393       17334       15894       15835       15774       15714       15654       14275       14335       12896       14337
       24198       23237       22156       22216       22276       22337       23357       23298       23239       22160       20960       19760
       22249       22309       21169       19849       18469       19729       20929       20868       20807       19547       18227       18166
       22111       22051       20791       20792       20793       20794       19594       18275       18335       19656       18337       18276
       15652       17032       17033       18414       18415       16975       18356       18417       19797       21057       21118       22319
       15647       15587       14267       12767       12827       14207       15588       15589       14269       12769       11330       11389
       20850       22049       22048       20788       19529       19530       18150       18210       16829       16888       15507       14126
       25990       26051       26052       25391       24552       23592       22572       23653       23594       23533       23472       23473
       21270       21210       19949       19948       21148       21087       19826       18506       18447       18386       17007       15567
       21235       20035       20036       18717       17336       17277       15897       15838       17217       15777       14397       12957
       14531       15971       17291       15851       17232       18613       19932       19993       21253       22453       22392       22332
       22747       21548       21488       20168       18847       18906       18845       18786       17346       17287       15847       14407
       18685       17305       15865       14545       14604       14605       16045       16044       17484       18804       20124       20123
       24167       23086       24106       24107       24048       24108       25069       25009       25010       23990       22911       21651
       12105       10725        9285       10605       11986       13426       14867       14927       14988       14989       14990       15050
       21350       22610       23691       24650       24590       23631       22491       22492       23573       23513       24474       23515
       17233       15853       14473       13033       12973       12972       12971       11530       12970       13029       14468       13027
       15698       15758       14379       12999       11619       13119       13180       11740       11799       11858       11917       13417
       20532       21732       21673       21734       20475       19155       19156       19096       17715       17655       16274       14954
       24126       23046       24125       25025       25805       24965       25024       24963       25022       24061       22921       24001
       20541       20600       20540       20479       19219       17840       17900       17960       16580       15199       16578       15197
       20139       18879       18818       18817       18756       18816       17496       17497       16177       14796       13357       14797
       18955       17575       17635       17695       19074       20394       20453       20393       20332       21591       21650       21709
       19116       20376       21636       21695       21694       22954       23015       21814       20554       19235       17855       17914
       21908       20648       19327       19328       19389       18008       17947       17886       16446       16447       16388       16389
       21872       23072       23133       21932       21993       20734       19354       17973       17972       19292       17913       16534
       13962       15342       15341       13961       13960       13899       15339       16659       16658       15277       15216       16536
       20966       20906       19647       19587       20787       20786       19525       18265       16886       15505       14124       12684
       17022       15641       14201       15582       16902       15462       16841       16780       16779       15398       16838       18219
       11334       12775       12776       14156       14097       15537       15478       14158       14219       14279       12838       14338
       21111       22312       22371       22431       23451       24412       25312       25972       25913       25974       25314       25975
        9816       11136       12575       11134        9814       11194       12635       11255       11314       11375       12875       12936
       20031       20032       21293       21353       22552       22613       23693       23753       24713       24654       25434       26034
       20954       19693       20953       19753       18493       18553       19872       19812       21073       22272       23352       23411
       19654       19714       19775       19776       18455       18516       17135       15815       15754       14434       14435       14436
       25307       24407       25187       25247       25906       25306       25305       24525       23505       22426       21225       21166
       21256       21316       22515       22455       22395       23476       23537       23538       24497       24438       25278       25998
       16860       16861       18301       18361       19741       21001       22260       21000       19800       18479       19859       19858
       22591       23671       23672       24692       25533       25593       26193       26134       26075       25414       24575       24515
       23209       22130       22129       23208       22127       23267       23326       22246       22307       22366       21165       19965
       25576       26237       26297       26298       26239       26240       25520       24681       23722       22641       22642       22582
       22772       23851       24812       25651       26251       25590       24750       25530       25471       26131       26070       26071
       25962       25963       25903       25183       25184       24345       24284       24285       23324       22304       21164       19844
       21571       21631       21690       20490       19110       19049       17609       17669       18989       18928       20188       20189
       18735       18734       20054       21374       21435       20175       18855       17476       17475       16155       16214       16213
       20634       21895       23095       24175       23155       22015       20755       19434       17994       17993       16673       16733
       20487       19166       17787       17727       17667       16227       16166       14726       14787       13407       13468       13469
       16674       18055       19495       19496       18116       18056       17995       16555       17875       17876       16497       16557
       21797       21858       23058       23117       21916       21975       20716       19456       18077       18017       18018       16637
       17894       19334       19394       18074       18073       19452       19451       18070       16690       15310       15251       13810
       15371       15430       15491       15432       15493       16933       16993       15614       15555       16875       15435       14054
       12508       14008       14009       15449       16769       18148       16767       18146       16766       16825       16884       18263
       18422       18423       17043       15663       17044       18364       19683       21003       21063       19804       21065       21125
       23528       23587       23526       24485       24425       23464       22444       22504       23583       23522       22441       21300
       14033       12533       12593       12654       12595       14035       14094       15474       15533       14213       12773       12712
       13078       14578       16018       17399       18839       18778       20097       20098       20037       19978       21239       22379
       24386       24447       25286       25285       25885       25886       25947       25888       25168       25169       24389       23430
       23278       22198       22137       23216       23276       24237       24238       25138       25197       25257       24416       24476
       16988       17048       15728       17168       18608       19868       21129       22328       23407       22267       22206       21005
       19545       20805       22065       20925       19665       18346       18287       18286       16905       16844       16785       16846
       25099       24260       23301       23362       23363       22343       21142       19942       19943       18683       20063       20062
       20069       21328       21327       22587       23727       23786       23846       22706       21446       21386       22585       21384
       24559       23659       23660       24619       25399       25458       25457       24557       23657       23716       23775       23776
       17502       17443       17384       17325       17264       17205       17146       18526       18465       19784       18524       19845
       24564       25404       25343       25284       25224       25883       25283       25342       24562       24623       23664       22524
       22773       23913       23973       24934       25773       25832       25771       24930       24990       24029       23009       21809
       22900       22961       24101       24160       23081       23141       21941       21942       20622       19302       17923       17864
       22793       22734       22735       21595       21534       21533       20272       20271       18891       18890       17450       16069
       22632       22571       21372       20113       20112       18792       17472       17473       16093       14714       14774       16154
       19216       19217       17838       17898       19338       19339       18019       18080       16701       16702       15262       13821
       26223       26224       25624       26344       26345       25686       24786       23825       22746       22805       21605       21544
       25035       25036       24077       22937       23957       23956       24915       25754       26354       25634       24794       24795
       17843       19283       20604       19285       19286       19347       17968       17967       19287       20547       21807       21808
       20253       18934       18935       18936       18997       20317       20257       21457       22656       22596       23616       23556
       19064       20385       20386       20327       19006       17627       17687       17747       17688       19068       19069       20390
       19149       19209       20589       20590       20531       19151       17831       16391       15071       15132       15131       15130
       23904       22884       22943       23004       23065       21925       21985       21926       21927       23127       23068       23008
       25016       25856       25017       24056       22975       22915       22914       23934       23993       23932       23991       22912
       25249       24349       25129       25130       25191       24352       24353       25133       25134       25195       24415       25315
       24202       24203       23183       22043       20903       19644       18384       18444       18504       17125       15685       15626
       19901       19840       18520       17140       15700       15639       14259       14200       12700       11259        9879        8559
       21101       19781       21041       22181       23261       23260       23199       22059       20919       19658       18278       16898
       24301       25200       25139       24359       24419       25260       25980       25979       25918       25917       25916       25256
       17082       18522       17202       17262       18702       20082       21342       20083       21344       22484       21284       21285
       24635       23674       23614       22474       22475       22534       21333       22532       22472       23552       23491       24450
       10377       11758       11759       13200       13139       14579       15899       17279       18659       19979       19919       19980
       21365       21306       21307       21248       21309       22509       22450       21251       21250       22390       23471       24371
       18696       20017       21337       21277       21218       21159       19898       18518       18578       17197       15816       15756
       23440       24399       25240       25180       25119       25178       25898       25957       25896       25236       24456       24516
       20362       21682       21681       22880       22820       23840       24801       24741       25582       26241       26301       25640
       22598       22539       21339       21280       21340       21401       22601       23680       24639       25479       25540       26200
       24164       24163       24103       24043       22964       21763       21702       21643       22783       23803       24762       23802
       25795       25854       25074       24113       23093       21893       20632       21891       21831       20511       20510       20449
       25840       25841       25842       25843       25844       25785       24944       23983       22902       23922       24822       24821
       25751       25811       24970       25809       25748       25688       26347       26287       26227       26167       26106       26105
       22817       22818       21618       21559       21499       22699       23778       24739       24798       24797       24856       23895
       26417       26117       25456       25516       25515       26174       26114       25394       25335       24494       24433       24434
       23915       23856       23795       22716       21515       21514       21454       21453       21393       21452       21451       20191
       23195       23255       24216       24217       23197       22117       22056       20796       20797       20858       19538       18218
       23181       22100       22039       22098       22037       20777       19516       19576       20837       20898       20958       20959
       18467       18466       19726       20987       21046       19787       21048       19848       19907       18587       19906       18585
       22263       23283       24243       24182       23221       22081       22080       23220       24240       23340       22320       21180
       24320       25161       25220       24380       23419       22399       23479       23420       22280       22220       21019       21020
       25109       24209       24268       24208       23308       22168       20968       22228       23368       22289       22350       23490
       25276       25996       25995       25934       25875       25216       25156       25095       25154       25153       25212       25152
       15939       15999       15938       17318       18699       18700       18641       19961       20022       19963       19964       19905
       26270       26210       25551       25552       26152       25432       24592       25431       26031       26030       25369       26029
       20169       18909       18968       17588       16148       17468       16028       17409       18729       18790       20050       20051
       17176       18555       18615       18616       18677       18617       19938       19878       19817       18437       19758       19819
       26306       26247       25527       25586       25646       25585       25525       24685       23665       22525       22584       23663
       24094       24095       24036       23976       24876       25656       26315       25595       25535       26196       26257       26258
       23037       23098       23038       21778       21777       22917       23937       23877       24897       23938       23939       22919
       18901       18841       20221       21481       20280       21480       21420       22561       21421       21362       21301       22501
       16460       17841       16401       17721       19101       20361       21561       22762       22763       23783       22643       21443
       23119       24139       25039       25819       25758       25818       25817       25757       25816       25755       24855       24796
       24151       24150       24091       24032       24033       22952       21692       20432       20493       19174       17854       17915
       23152       21953       22012       22011       22010       23150       24170       23030       21829       21769       21710       22910
       25413       25353       26013       25293       25953       25894       25234       24393       24394       24455       23496       23497
       23175       22095       22035       20834       22033       23173       23172       24192       24253       24314       24373       23413
       17562       17622       17561       16121       14742       14683       14622       14561       14500       15880       15941       17381
       22054       22114       20913       20972       22171       23251       24271       24332       24392       25231       24390       23431
       25207       24367       24308       24309       25150       25089       24189       23230       24190       24251       24312       24372
       23214       23274       23334       22314       22253       21053       21114       22315       23455       24355       25255       24475
       21038       20977       21037       21098       22238       23319       23318       23377       22357       22417       23557       23617
       26218       25498       25499       24719       23758       23698       23638       22557       22496       23575       24535       24534
       23484       23485       23546       24506       24567       23667       24687       23728       23669       22589       21449       21509
       26400       26339       25679       25618       26338       26337       25676       24776       23756       24656       24596       25376
       23761       24721       25621       25561       25501       25441       24660       25500       26159       26098       25437       26157
       25407       26066       26426       26425       26126       26067       26128       26069       26009       25950       26011       25411
       21581       20381       21640       21699       21639       22839       23918       24938       24997       25836       24996       25837
       20630       20689       20688       20747       21947       21886       20626       19307       19247       19188       20448       20388
       24179       25079       25859       25799       24960       25741       24901       24842       23881       23942       24002       22922
       25822       25762       24923       24924       25824       25765       24926       23967       22827       21567       21508       20249
       25669       24889       25789       25788       24947       24887       23927       23868       22788       22729       21589       21590
       17783       19163       20484       20424       19105       19045       20365       21625       21566       21505       21444       21503
       22925       22984       21844       20583       20582       21902       20643       21904       23103       24123       24062       22982
       21996       23136       21876       20616       20677       20738       19418       19417       18097       16657       16596       15156
       25882       25162       25103       25104       25105       24325       23425       23486       22407       22408       23489       23429
       25443       26103       26104       25384       25323       25983       26043       25982       25922       25862       25202       25142
       25279       25879       25880       25940       25340       24500       23541       22462       22521       21381       21442       21383
       22428       22489       23509       23568       23628       22488       21348       20087       20027       21227       19966       20025
       26059       26419       26420       26121       26181       26242       26303       25643       25703       26362       25701       26360
       20206       21465       21526       22786       22785       23925       23985       22906       21766       21707       21648       20389
       26389       26328       25668       25607       24768       23807       22667       21407       22607       22546       21345       21286
       22718       23738       24697       25477       26197       26437       26436       26076       26017       25417       24517       24457
       20595       21856       23055       22995       21794       21853       23113       21913       20652       20712       20711       21970
       25814       24973       24972       24011       23951       23891       22812       22872       22873       23893       23834       22755
       23969       24928       25769       25709       26309       25648       24808       23848       22769       22710       21450       21511
       22614       22615       21415       20156       21416       21477       21538       21599       22800       23940       22920       22979
       23946       24007       24968       25029       24069       22990       24071       24132       24131       23111       21911       21971
       26383       26322       26321       26260       26259       25659       25719       26379       25718       25717       26377       26318
       24894       25794       25793       25792       25791       26391       25671       24830       23871       23811       23810       22790
       26327       26266       26206       26145       26086       25427       25488       25489       26089       26028       25969       25908
       25363       24583       23563       23503       23443       24402       24461       24521       24520       24519       23558       24578
       25386       25387       25388       26049       25389       25449       24609       24549       24490       24491       24432       23412
       16363       14983       13483       13544       14984       14985       16305       17745       17744       16424       15104       13664
       26333       26334       26275       26214       26454       26455       26456       26156       26095       26036       25375       25316
       23703       23763       23823       22683       22623       21363       20102       18722       18721       20041       21241       19981
       20237       20177       20118       21379       22519       21319       19999       19940       21260       21321       21382       22583
       26442       26142       25542       25483       24644       24704       23745       22664       23804       24824       24823       25662
       19300       19360       20740       21999       21939       23138       23078       23017       24098       24039       25059       24159
       18985       18926       18927       17487       17427       17366       18806       18807       20126       20187       21448       20248
       20231       21431       22630       22629       23769       23710       24671       24732       24792       24853       23894       23835
       25426       24646       24706       24766       24826       25665       25605       26264       26323       26262       25601       24761
       23463       23403       23402       23461       23460       23520       23580       22499       23578       24537       23576       24536
