         212         272         273          33          32          31         330         390         450         451        1112        1113
       12963       12903       11462       10083        8763        7323        6063        4804        3544        2465        2524        1624
        1708        2668        2728        3868        3927        3866        3806        2726        1766         866        1646        2605
        3906        3847        2767        2708        3789        3849        2770        1810        2830        3909        2889        3969
        3767        2687        2746        1786        1727         886         825         884         164         105         705         764
         870         210         209         148         748         747        1587        2548        2547        2546        2606        2665
         253         254          14          15         375         434         494         554        1215        1216        2057        3018
        4044        4104        3023        2062        1162         502         501         500        1100        1159        1218        2058
        1839        1838        1897        1958        1117         458         459         399         339         278         878        1778
         582         521         522        1183        1963        1964        2864        2865        3946        4006        4065        5325
       12259       12200       10821        9381        9320        9259        7879        7820        6501        6561        6620        6681
        3240        4319        4380        5521        4381        4321        3242        3243        4263        5403        5343        4144
        3960        5220        6480        6361        5102        5103        5164        5225        5165        4025        4085        4026
         799          79         739        1578        1577        1518        1458        1399        2360        3500        4760        6019
        1199         479         480        1080         360          60         300         240         180         181         122         782
        4438        3298        2278        1378        1379        1380        1321        1261        1201        1141        1082        1922
       11721       13161       13162       13223       13224       11724       10343       10282       10222        8842        7461        6140
        4764        4825        4886        4945        6265        6324        5063        3864        2784        2723        2664        1705
        9077        7696        7697        9017        8958        8898        8897        7457        8777        7398        7338        7399
        3726        3785        2705        1805        1744        1743         963         302         902         843        1623         783
         107         768         109         170         231         172         772        1611        1551        2571        2632        3712
        1296        2137        1298         578         577         516         575         514         455         394        1053        1892
        2876        1917        1978        2938        2999        3060        3119        3118        3177        3116        3055        2035
        3250        3251        4271        3190        2170        3130        4211        5410        5409        4149        4089        3009
        1010        1070        1130        2030        2091        1251         531         472         533         534        1195        2036
        8295        9676        9677        9678       10998        9617        9557        8178        8117        6797        5538        5539
        3120        4141        4201        3122        2222        1322        1323        1324        2104        3004        4024        5284
        5136        3996        2916        3995        3934        2854        2795        1895         995        1834        1893        1953
        6965        6964        8404        8464        8525        7085        7145        7204        5884        7203        7263        8642
        1407         627         626         625        1525        2486        2427        2428        3509        3449        3390        3391
        4670        5930        5990        7309        7369        7430        7490        7551        7611        6292        5033        5032
        6260        5001        4942        4943        6143        6083        6023        7343        8722        7342        7401        7400
        1423        1483        1482        2502        3582        3641        3580        4780        4779        3578        2558        3638
        8644        8645       10026       10025       11345       12785       12846       12787       12788       12847       12907       14348
         344         285        1005        1064         464         465         526        1246        1245        2025        3045        4126
         988         328          27          26          25         324         264         265         206         145         805         804
        2735        2674        3754        4894        6153        7473        7534        7535        8914        8913       10353        8972
         406         407         348        1007        1848        2808        2749        3829        5029        5090        5031        4972
         469         468         409         350          50          51         352         293         954        1793        2753        2693
        4267        3247        3186        4265        5405        6665        6605        6546        6487        5227        4028        2948
        2249        3269        4409        5669        5668        6927        6926        6867        5547        5546        4286        4287
         320          20         321         262          22         382        1043        1042        1942        2901        1941        1041
         564        1284        2124        2125        1345        1346        2187        1348        1347        2247        3206        3146
       11862       11801       11861       13361       14801       14802       13363       11924       11864       11805       11746       11806
        3175        2214        3114        4193        3112        4132        4131        4071        4011        3951        3892        5092
        6161        6222        4963        6224        6285        5026        5087        5086        6406        6466        5266        5326
        3981        2841        3861        3860        5059        5119        6378        6438        5238        4038        2957        3017
        2201        2202        3102        3042        2081        2140        2199        3160        4300        5440        5381        5322
        6673        5413        4153        4154        5355        6615        6676        7997        6617        6618        6679        6680
       10954        9575        8195        8136        6816        6815        6754        6695        5435        5374        5433        5373
          92         152         153          94         155         815         874         935         276         937        1717        1657
        1421        1420        2380        2439        1539         700         761         820         159         879        1718        1658
         653         654         715         115         114         173         773        1614        2574        2633        3773        3832
        2304        2363        1402        2422        2423        3504        3563        3623        3683        2604        1645        1644
         101         162         222         283         282         281         941        1782        1722        1662        1603         703
          56         296         896         836        1616        2636        2695        1735        2755        3835        3774        4974
        1384        2345        3425        3365        3304        4504        5764        7083        5762        5822        7202        5942
         797         856         196         135         735        1576        2476        3557        4757        4758        4759        6018
         543         483         424         425         486         427         366        1026        1866        1925        2945        1985
        7233        7292        6032        4832        3633        2553        1653        1712        2672        1772        1833        2792
        2451        1431        1430         650         710        1549         708         707         646         645         704         763
         118         177         238         298        1018        1077         477         478         537        1257        1196        2096
        2231        2172        3072        3073        2053        2054        3015        2955        4034        5234        5293        6493
        5425        5366        6566        5246        4047        2967        3028        4108        3088        4167        4227        4226
        9119        9120        7680        6300        5039        5098        3897        5096        5036        4977        6237        7558
        3171        4251        5452        5451        6711        6772        6832        8151        9471       10791       12111       13550
        6607        6608        5408        4148        3128        2167        3126        3066        4086        4027        4088        4029
       11101       11102       12541       14041       14101       14161       12781       11401       10021       11460       11399       12899
        4705        4766        4707        5907        5908        5969        5970        4770        3570        3511        4651        3451
        2332        2331        2330        3350        3351        4491        5811        4611        5870        7130        8570        8630
        1451         610         669         728         789         130          70         731        1572         792         852         912
        5889        5950        4690        4751        3611        2530        2529        2589        2649        1690        1751        1691
          82          83         683         623         682        1521        1520        2540        3621        3560        4761        4821
        2385        2446        2387        3468        4728        4789        3590        4791        3592        4852        4913        3713
        8575        8574       10014       10074        8693        7312        7373        6053        6112        4851        4912        3772
         977         976        1876        2776        2716        1757        2718        2658        3738        4939        4879        4820
         401        1061        1120        1960        2920        2861        1841        2741        2681        2620        2619        2618
         190         250         909         248         187         846         186         906        1686        2645        2584        1564
        1665        2685        2744        2804        3883        5084        5144        5204        4003        4063        4123        4122
        1820        1821        1822        2722        2661        1700         861         801         862         863        1704         865
        4177        4236        4296        4295        3275        2255        2254        2253        3153        3093        4172        4173
        1389        1388        2408        1447        1507         727          66         666         605        1444        1503        2523
        1226        1227         568         509        1169        2009        2070        3031        4110        4170        5371        5372
       12041       12042       11983       10603       10602       10601       10600        9280        9281        7841        6581        6642
        5369        5308        5249        3989        3929        2909        1950        2910        4050        5251        5312        4112
        8053        6793        6794        5533        4334        4273        3193        3194        3195        4276        5477        5478
        6198        6258        6318        6257        6256        4995        4935        4876        4877        6138        6079        6080
        9454       10835       12275       12215       12156       12096       10656        9275        9335        7954        6633        6572
        2015        2075        3095        3036        4116        5316        6575        6515        5254        4053        5313        4113
        4428        3288        3289        4370        5569        6828        5568        5507        4306        4245        5385        4125
        6960        6900        6839        6779        8100        9480        9421        9481        9541        8162        8103        6843
        1231        1290        1351        2190        2251        3151        4230        4289        3209        3268        3207        3266
        6886        5686        5685        6944        6883        8203        8144        6825        6765        5506        4246        4187
        4313        4372        3292        2272        2212        2273        1373        1313        2093        3054        2995        2996
       12188       10808        9429        8048        6728        6787        5526        4386        4325        5524        6844        6784
        1309        1248        2088        2149        3109        4189        4249        3168        3167        4247        4186        4185
        7005        8386        9765        9764        9824        9763        8443        7063        8442        8502        8561        8500
        1801        2701        3781        4921        3780        4920        3660        3600        3541        2461        1502         722
        3397        3337        2317        2377        2437        2436        2495        2494        2555        2556        1597        1598
         617         616        1455        1395        2356        2296        3377        2298        3379        4639        5959        6020
         630         689        1589        1650        1651        1591         691         631        1472        2372        3392        4532
        1470        2490        3630        3631        3691        4951        5012        6332        7592        7652        9032       10352
         657         717         718         719        1560        1500        1439        2339        3418        3358        4559        5759
        3483        4682        3481        3421        3362        2283        2343        1382        1441         602         663        1563
       10481       10482        9162        7782        6402        6401        5081        5020        3880        2740        2679        1719
        1368        1367        1366        2205        2265        1365        1304        2144        3104        3044        2985        4066
        5454        5455        6775        5516        5577        6837        6778        8038        9418       10799       10740       10739
        4923        3783        3844        2824        2823        1923        1983        2042        3002        4082        5283        5344
       20012       20013       20014       18695       17255       17254       17313       15993       14673       13293       11793       10413
       13926       13867       13806       13745       13686       12186       10746        9366        8046        8106        8165        8164
       16174       14854       13354       11915       10535       10534        9153        9152        9211        7891        6511        6452
       10247        8867        8807        7427        6107        4846        3647        2566        2567        2506        1545        1544
        7805        9186        9185        9246       10627       10568        9188        7809        7869        6489        5169        3970
        9042        7663        7603        7664        9104        9164        7844        6523        6584        5384        5383        4184
        7942        6622        6623        5303        6503        6442        7762        7823        7884        6565        5245        6445
       10949       10950       12270       12211       12272       10832        9392        9332        9273        7893        6573        5253
       12364       12423       13923       13924       15304       16685       16686       16687       16628       16568       15128       15189
       14644       14643       14582       14522       15901       15961       16021       17461       18841       17521       16201       16260
        8266        8326        8327        8328        8268        9588        9528        9469        9410        9350        9290        9230
       10907       10847        9407        8027        7966        7906        9287       10667       10608       11989       11990       10670
        8089        8028        6708        6649        7909        6529        6530        5330        4129        5328        5327        5386
        4415        5614        5675        6935        5676        5617        6878        8258        8257        9577        9518        8138
        2203        3223        3282        3281        3280        3279        3278        4298        5438        6758        8079        8139
        7096        7037        8417        8356        9736        9735       11115       11174       11234       12675       14055       15495
        9753        9752        9751       11191       11251        9872        9932        8492        7052        5732        4472        3332
        4482        3342        3402        4662        5982        6042        6101        7420        8740        7300        8680        8620
        3839        2819        1799        1738         898         839        1679        1740        1681        1621        1562         723
       12483       12544       13984       15424       16805       15485       14105       12665       11165        9725        9726       11166
        3317        4518        4458        5778        7099        7039        5720        4520        5840        4640        5960        7279
        8507        7126        7066        8506        8505        8564        9944       10005       10006       10007       10008       10009
        7333        7274        7275        5895        4695        3495        3554        3615        4814        6075        7395        7394
         157         158          97         756         695         634         635        1476         637        1537        2557        3637
       13294       11855       11796       10417        8977        8917        7477        7417        6098        4838        3698        2617
        7348        7408        6087        6148        4888        4949        3750        3810        2790        2791        1831        1832
        8989        8928       10248       10188       10127       10126       10125       10124       11503       11442       10061        8682
        3070        2111        1331        1272        1211         551        1151        1090        1031         971         911        1752
        6033        6034        7355        5975        4715        4774        4835        6096        4896        3756        2677        3697
        9226        9166        7787        7727        7668        7607        6227        4968        6229        4970        4971        3831
       11577       10198        8758        8757       10077       10076       11455       11454       11453       11452       11391       11332
        2772        3792        4993        6313        6312        6252        4991        4931        6190        4870        6129        6188
        5713        7033        7094        7095        5776        4516        4576        5896        5897        7218        7278        7339
        5296        6496        5235        6435        6375        5114        3915        5116        3917        3918        2898        2958
         199         258         978        1038         438         497         436        1096        1996        2056        1997        1998
        6221        7540        7599        7658        6398        6397        7716        7656        9035        9034       10414       10473
       14516       13075       13134       13195       11755       10315        8995        9055        8996        7616        7617        8997
        9005        9065        7686        7747        6367        6368        7748        7689        7629        6310        6249        6189
        5689        5690        5631        6951        8211        9590       10971       10912        9472       10851       12171       13551
        2174        1335        1336        2177        3137        3198        3257        3196        4216        4217        5418        6738
        4390        5589        5529        6790        6731        7991        9431       10811       12190       13630       15069       16509
        9626        9686       11067       11006       12386       13826       15265       15324       16704       16643       15203       13763
        5541        5482        4282        4221        4162        3022        3021        3020        3080        4159        4219        5420
        9473        8094        9475        9416        9476       10855       10794       10793       12233       13613       15052       15111
        5574        6835        6896        5636        5696        4436        3296        2276        1376        1317        2156        2095
        1339        2179        2180        1280        1281        1342        2182        3143        3144        4284        3205        2246
        6183        7563        7504        7444        7445        7385        6005        7325        6006        4686        4627        4628
       13036       12975       12916       12856       11476       10096       10037       10098       10099       10100        8721        7340
        8545        7225        5905        5844        5843        4584        3384        3383        3442        4702        4701        5961
        4538        4479        5739        6999        8380        7000        7001        5741        5801        5861        7180        8560
       12518       14018       14078       12638       12697       14136       14196       15636       15637       17077       15757       14437
        3347        4487        4486        4545        3345        3344        3404        4664        5864        7183        8562        8621
        3672        3613        3553        2413        3492        2352        1391        2291        2351        3430        3429        3428
        2834        1814        1753        1694        1634        2654        3734        4874        6133        7453        8834        8775
        6246        6186        6127        6068        4808        4749        4688        4748        3547        3606        2525        1565
       12824       12765       14205       15585       16965       15584       14203       12762       11382       10002        9941        8501
       10166       10227       11607       11666       10346       11786       10466        9085        7765        7766        7705        6385
        6071        6011        7271        8591       10031       11411       12850       11409       11469       10088       11528       11527
       10169       10168       10229       10290        8909        8910        8851        7411        7350        7291        5911        4711
        3667        4867        4928        6248        7569        8889        8948        8887        8827       10206       11587       12967
        2329        1429        2449        2508        2569        2630        2689        1729         889         229         228         167
        7424        7423        6043        4784        3585        4845        4844        3584        2564        2563        1543        1604
        2458        3539        4738        4737        4796        6116        7436        7435        7494        6234        4973        3833
        9024        9025        8964        7583        7642        7641        7580        8900        7521        6141        6081        6021
       14789       14850       16230       17610       17669       16289       14969       16409       17789       19169       20489       21748
        3873        5133        6394        6334        6274        5015        5016        6277        6218        4959        3759        3699
        6268        7589        6270        5070        6390        7710        9030       10410       10471       11791       10412        9033
        6409        5149        5210        3950        4009        2929        2868        1968        2988        3048        4127        3046
       16709       15330       13889       13890       13951       13892       15333       16714       18094       16654       17974       16594
         969        1028        1868        1088        1149         549         548        1207        2047        1988        2949        2950
        4419        5679        5680        5620        6820        8141        8081        9462        9402        8021        6641        5382
       11594       11654       11714       10335        8954        7574        9014       10395       11835       11894       13394       14894
        4405        4404        4403        3263        3262        3261        2241        2240        3260        4280        5480        6739
        8132        8133        8193        6933        6932        5612        4412        4351        4292        5492        5432        6632
        5662        6921        8301        9681        8300        8239        6918        5659        4399        3259        4279        5419
        4494        4555        3356        4557        5757        7137        7198        7257        7258        8639        7260        5881
        8537        9918        9858       11237       12677       14117       14057       15377       16756       16755       15374       13995
       11305       11304       11303        9863        8483        7043        5783        4522        4521        5841        5901        7220
        5856        5857        7117        5737        7057        8377        9756        9757        9758        9819        8499        7179
        8760        8820        8759        7319        6059        6120        4860        6061        6062        6001        7261        7262
        7388        7329        8649        8589        8528        7148        8527        9907        8467        8406        9787       11107
        7298        5977        4717        4658        4659        3399        3340        3400        4660        5980        7240        7181
        4726        4666        5927        5868        4548        4489        5748        7008        8389        9829        9890        9949
        3453        3513        3454        2314        3334        4474        4475        4534        5854        5853        4592        4531
       18942       18943       17563       16243       14864       14805       13366       14807       13368       13308       14688       13248
        5876        7195        5875        4675        3476        2456        2455        3534        4794        4795        3655        3716
       15907       15966       14586       14646       16086       14705       16085       17464       17463       18903       18964       18905
       12925       12926       11426       10046        8606        9926        9867       11248       12688       12627       14066       14065
        5094        5154        6413        6473        6532        6592        6593        7973        9293        9292       10671       12050
        3314        3373        4572        4631        4571        3311        4451        4450        4509        3308        3368        3427
       10402       10462       10523       10582       10581       10520       11900       13280       11840       11779       11719       10399
       12039       11979       11918       10537        9157        7776        7837        7897        9278       10657       11977       11976
        1015         415        1075        1914        2934        2873        1912        1851        1791        1732        2692        3771
        7682        9063        9123        9182        7802        7863        7923        7982        9361        8040        9360       10681
       10468        9028       10348       10347        9027        7707        6387        6448        6509        6510        6571        6512
       10625       10564       10504       11824       13324       14763       14762       13322       11882       11941       10621       12061
        9665        8284        8283        8282        8281        6901        5642        5583        5644        5645        6845        8225
        4120        4119        4058        3998        5199        6519        6520        6579        5379        5380        5321        6582
        6717        5457        5398        5337        5276        5216        6475        7794        9173       10552       10611       12051
       11053        9613        9614        8235        6915        5654        5655        5656        4396        4397        4338        4278
        4427        3287        4366        3285        4425        4424        4423        5623        5562        6762        5442        4182
        5633        5694        6955        8275        9595        9596       10977       12357       13797       13736       15177       16558
        9564        8185        6864        6924        8304        9684        9683       11003       12443       12384       12324       13704
        8322        9642       10962       10901       10960       10959       12279       12340       13781       13782       13723       15163
       12408       12349       13789       15228       13728       13668       13607       12107       12108       12169       13610       14990
       12603       14042       13981       15420       14039       14038       15417       16798       18178       18179       18240       18121
       15472       15411       14030       12530       12531       12592       11153        9772        8391        9831       11271        9951
       15553       14173       12733       11353        9913        8593        8654       10034       10093       10153        8774        8835
        2335        2334        1434        1433        2333        3353        4553        5873        5933        7252        8631       10010
        1408        2308        3328        3329        4469        5789        5788        7109        7170        5851        4591        5852
       12524       12584       12645       12704       11324       11265       11206       12586       14086       15467       16787       18167
        7018        8397        7016        7015        8394        8454        7014        7013        7072        8512        8571        9952
       11743       11682       11621       11620       10239       10179       10118       10059       11440       11380       10000        9999
        2759        2698        3718        4918        6118        7498        7559        8939        8999        8998        7618        7557
       10383       10322        8942        8941        7501        8821       10201       11640       11580       11519       11458       11398
       14919       14920       16240       17560       16120       16121       14740       16119       14738       14737       13357       13356
       17298       18679       18619       17299       17358       17418       17479       18859       20180       20241       20182       18863
        8861        8922        8921        7601        7600        6340        5079        3878        3877        2737        2678        3758
       11592       11652       10332        9012        9071        9070       10510       10511       11891       11952       13393       14834
       13257       11817       11816       10496        9115       10555       11935       11874       11933       11932       11991       10610
       10691        9310        7870        7931        7871        7932        9252       10633       10634       12015       13454       14893
        9197        7877        7876        7816        9195        9135        7754        9133       10453       11893       13334       14773
        9285        7904        7964        8024        9405       10845       10844       10783       12162       12222       13663       12224
       17707       17646       17645       16325       16264       14885       14946       14947       15008       13628       15068       16448
        8157        9538        9599       10979       10978       12298       12237       12176       12117       13617       15058       15057
       13504       13565       12124       10743       10803       12243       10923       10864        9484        9545        8105        8104
        8066        8065        6685        6744        6743        8062        9502        9562       11002       12322       12323       13762
        8260        8320        9699       11079       11078       12398       12397       12337       12276       13776       15215       15156
        9459       10840        9400       10780       12160       12099       12158       10778       10837        9457        8078        6818
        9661       10981       12301       13741       12360       13799       13739       12300       12241       13621       12121       12180
        9710       11089       11088       12468       13907       13967       13906       13905       13844       13785       13724       15164
        5699        6958        8278        8337        9717        9716       11095        9714       11034       12414       13853       15293
        5647        6847        8168        9548        9607       10986       10926       12307       13748       13749       15129       16508
        8367        7047        7048        7049        8430        9809       11129       11128        9747       11126       12626       14006
        5988        7308        8628        7247        5926        5985        7305        8684        8683        8622       10001        9940
        5766        5707        4447        4508        5708        7028        6969        8349        9729        9788       11167       12606
        6995        7055        8434        8495        8555        8496        9876        9936        9997        9938        9939        8619
       19570       20830       20769       20770       20771       22031       22090       22149       23229       23170       22150       22089
       14146       15527       16908       16969       16910       15530       14150       12709       12648       11209       11270        9950
       18366       17046       18427       18486       18546       18606       18665       19985       21245       21186       22326       21126
       13999       12559       11119       11180       11239       11300       11360       12801       14242       14183       14184       15564
       15689       15749       14368       12928       11428       10047        8668       10049        9990       11370       12870       11490
       19322       17941       17940       16500       16440       16379       16320       16321       17701       17642       19023       20283
        8710       10090       10151        8772        8831        8891        8830        8829       10269       11648       13028       12968
       14382       14323       14324       15764       14444       14504       13063       13123       13184       13245       13246       14687
       22212       20952       19691       19632       19572       19513       18193       18132       16753       16754       15434       13994
       10195       10194       10254       11633       11632       11572       13011       13071       14510       15950       14630       16010
       12980       13039       13098       11657       11716       13156       14597       14657       14716       13336       13395       14895
       19969       18650       17210       17150       17089       17148       17209       17268       18648       17328       16008       14628
       18785       17405       18784       17344       17283       15903       14524       15905       15846       15787       14467       14408
        1033        1933        2892        3971        5172        5111        6431        6492        5292        4091        4030        5229
       10236       10237       11557       13057       13056       12995       11555       10175       10116       11497       12937       14377
       16284       16224       14845       13345       14784       14785       13344       11905       10526       10586       11967       11968
       10266       10326       11766       10387       10388       11769       11770       11771       13212       13272       13333       14833
       14609       13170       13111       14551       13112       13053       11613       12993       14373       14372       14311       14310
       17824       16384       15003       15002       13562       13502       13442       14881       14940       14999       13560       12120
       10507       11886       11946       12007       13448       12068       12009       11949       12010       13451       13392       14892
       11911       11972       11973       12034       13474       13533       12092       10711       10650       11970       11969       10588
       17834       16514       16515       16575       16634       16633       16632       17952       17951       17950       16510       15130
        9593        8273        9652       11092       11091       12471       13971       15351       15352       15291       15232       13852
        5591        6852        8171        9551       10932       12252       10812       10753       12134       12133       13513       14952
       10645       10705        9325        9384        9444        9504       10885       12205       12204       10823       12263       13703
       15725       15666       15605       15604       14164       14163       12783       11343        9903        9902        8582        8581
        3447        3446        4586        3326        4466        5725        7045        8425        9805       11125       12625       12684
       15403       14022       14082       12582       11141       11140       12520       14020       12640       11201        9881        9880
        9738        8359        8360        9741        8361        6982        8362        9743       11183       11184       12624       12564
       14111       15551       15490       16810       18189       18129       16748       15367       15427       14047       12607       11227
       16773       18152       18151       16831       15511       15570       16950       18329       18389       18449       19709       18390
        4442        4441        5760        5819        7139        8519        8460        8401        7081        7141        7201        8641
        7091        8411        9791        9732       11112       12612       12611       12550       12549       12488       12547       11106
       12513       14013       14014       15395       15454       15455       16775       18156       16777       16778       16838       18217
        6962        8402        9842        9901        9960       11280       11219        9838       11278        9958       11338       12779
       16868       16927       15547       15608       16989       15549       14169       14110       12730       12669       11228       11168
       17395       18715       18714       18773       17453       16072       16012       14631       13191       13250       14689       14629
       13708       13649       13590       12149       10769       10828        9448        8008        6688        6687        5487        5426
       16074       14694       13254       13253       11812       10372        8993        9053        7674        6294        6233        6173
       15685       14306       14307       14248       14249       12749       12808       12807       12746       14186       14125       12685
        7525        8845        7405        8725       10104       11424        9984        8603        8602        7222        7281        8660
       13328       13267       13268       14648       15968       15909       15849       15790       17230       18609       19930       18670
       17326       16006       16066       16126       17507       18827       20148       18829       18769       17388       16068       16009
       14993       13553       13492       13432       14812       16193       17633       17632       16312       16371       15051       14991
       16108       16109       16110       14731       14791       16172       17551       17611       18992       20252       20191       20251
        4018        5278        6478        7798        9177        9237       10617        9297       10737       12118       12059       12119
       14851       13351       13290       11849       10529        9149        7768        7827        7888        9328       10648       12027
        1887        1107        1106         445         505         444        1044        1944        2905        3985        5125        6384
       15025       14966       16347       14968       13588       13647       15086       15085       16525       15205       13764       13823
       17493       17554       17613       19053       19054       19055       17615       17614       16294       16354       15034       15094
       14760       13380       11880       11940       11879       11938       13438       14878       13437       14937       16377       16437
       15122       16503       15124       15123       16563       18003       16683       18062       18001       16561       15241       15242
       12480       13919       12478       12477       13917       15357       15298       15359       15300       15239       15178       15118
        9667        8288        8289        8290        8291        9671       11051       12431       13931       13932       13873       13874
       13400       12020       10639       10698       10637       10577       10518        9139        7699        7639        8959       10339
       17991       18051       18112       19493       18114       16734       15355       13975       13915       13854       13793       13792
       16707       16706       15327       13947       13946       13945       13944       13943       13942       15322       15263       13822
       10702       12022       12021       12082       12023       11964       13464       13524       13583       13642       13702       15202
       20292       20233       21494       22695       21496       21555       20355       20414       19094       17713       16273       14953
       21878       20618       20559       21819       21760       20501       19181       17861       16421       15042       15103       16483
        7873        7874        9314        9375        8055        8115        9494       10875       10935       10996       12377       10937
       11016       11075        9694        9693       11013       12453       12394       12455       13895       15275       16595       16535
       16665       16724       18104       19485       19486       19425       19365       17986       17926       16486       15105       13665
       11423       11422       12861       14300       14359       15799       15738       17119       17059       16998       18438       18379
        7019        8399        9778       11158       12538       12537       12596       11216       11276       11336       11397       10018
       14281       14282       15602       16982       17041       18480       17099       17159       15719       14339       12898       12958
       18172       16793       18174       18235       18176       18237       18297       19618       20879       20819       19560       18180
        8676        8615        8674        8733        8793       10172       10111       10052       11372       12811       12871       11491
       15783       17163       17164       18544       19863       19802       18482       19862       19923       19983       21242       21181
       12961       13021       13081       13141       11702       11643       11583       11584       11525       12965       12966       11586
       18391       17071       15631       14252       15632       15573       15634       14194       14254       14315       14376       14375
       14508       13068       13007       14387       15827       15826       14506       14565       13125       13186       13247       13188
       19894       19895       19956       19896       21096       22295       22234       21033       21093       22292       22291       23370
        5274        5335        6595        7975        9295       10675       12055       13495       14875       16256       16255       16194
       10219       11599       13040       14540       14599       14659       16040       17360       17361       18740       20061       20121
       22045       22105       22106       22165       22164       21024       21085       21145       21205       21264       21323       21322
       15019       14959       14898       14839       14779       16160       14781       14722       16042       17422       18802       18862
       14502       13002       11562       10182       10243       10304       10245        8865        8926       10366       11747       11748
       13734       13675       15055       14995       16376       17755       16374       16433       16493       17872       16491       15110
       18919       18979       19039       18978       19037       18976       18975       18974       19033       17654       16275       14835
       20134       18813       17434       16055       15996       15936       14555       13175       11736       11675       11734       11733
       19057       17677       17678       17739       17679       19060       19000       20260       21460       22720       23801       24760
       16728       16729       18109       19488       19427       17987       16608       16548       16487       15106       13666       12226
        9048        9109       10490       10489       10430       11809       10428       10487       10486       11867       11807       13187
       14829       14830       13330       14710       14709       16090       17471       17470       16150       16211       14832       13452
       12404       12463       11083        9643        9644        9704       11085       11026       12346       13786       13725       12225
       21923       21924       23123       21922       23062       21802       21801       22941       24020       24980       25760       25700
       17778       16399       16458       15077       13577       12136       10757        9377        9438        9379        8059        8058
        9689        8308        8248        8188        8129        6810        8130        8071        8010        7950        6631        6692
       22083       22144       22085       23165       22086       20887       19628       19568       19627       19686       21006       21066
       23332       23271       22191       20931       19731       19671       18351       16972       15532       14151       12771       11331
       18261       18262       19582       20902       19702       19762       19822       18501       18500       19819       19759       19699
       12679       14119       15559       15560       17000       17061       17062       17063       15683       15624       15565       16945
       19543       20802       20862       22063       22123       20923       20984       19724       19783       18523       18584       19904
       14294       14234       14293       14232       12792       14231       15671       15670       14289       14349       12969       12908
       14332       14331       15651       15650       14330       14389       13009       11569       11510       11449       11390       10011
       17248       17307       15926       15927       14607       14667       13167       13108       13049       12989       12930       14371
       18825       18884       20203       20202       21463       22663       22604       22544       23625       23626       22486       21346
       15794       14415       14476       15916       17295       17294       15974       14593       14653       14713       16153       16212
       18272       16893       16953       18393       18453       17133       17192       15812       15811       14430       14370       12931
       18592       18652       18593       18594       18595       18536       19916       19977       21177       22378       21179       21240
       14870       16249       16250       16189       17568       18948       20268       20269       20329       21588       21649       22849
        8751        8810       10250       11690       11749       10370        9050        7671        6411        7791        9231        9291
       19193       19253       20574       20515       20576       20577       20518       19198       17817       17877       16498       17818
       16223       14842       14841       16281       17601       19041       19042       18983       20303       20243       20183       20122
         512        1232         573        1293        1233        2074        2013        2012        2912        3992        5252        5311
       21596       20335       19016       18956       18957       20278       20339       20398       19078       17698       16378       16438
       17516       16136       14756       14696       16016       16017       17457       17518       17578       17579       17640       16200
       17973       18032       18092       19471       18090       18030       17969       19350       20610       20609       20548       21807
       23828       23888       23949       24009       22928       21668       20468       19147       20407       20347       20346       19025
        8311        8310        9691       11071       12391       12332       10953       12273       13653       13654       15095       15154
       15161       15102       15041       14982       16361       17742       17743       19123       19183       19244       17924       16484
       25827       25047       24087       24026       24025       25045       24145       23005       21745       21746       22947       22948
       15152       15212       15151       15210       16589       16528       15148       15087       13587       12087       12028       13467
       12351       13731       15170       16610       17930       19310       19309       19250       19191       17751       16431       16430
       13695       12254       12314       12374       12435       13935       13936       15316       15317       13878       13818       13757
       15502       14122       12682       12621       11181        9861        8480        8540        8599        7219        7280        7341
       18141       16761       16820       15440       15380       14001       12501       12502       12503       14003       14064       14005
       16745       18126       18187       19507       20766       19505       19504       19503       20823       20762       20761       19501
       12918       14357       14297       15617       16996       18316       18317       18258       18259       18319       19640       19700
       20982       21041       19781       18401       19661       19660       18400       16960       15579       15518       16897       18277
       17155       17096       15717       15657       15597       16978       18359       19679       20999       21058       21119       21120
       25926       25865       25145       25084       25085       24246       24187       24186       23286       23345       22265       21005
       10163       11603       13042       12982       14422       15801       15861       17242       17303       17363       18803       18742
        5340        6540        6541        6601        6720        7980        7919        7860        9240       10619       10680       12060
       11898       13398       13397       12017       13517       14956       14955       15014       15073       15012       13512       13453
       19892       19951       18631       17311       15930       17310       17371       17430       18810       18870       20250       21510
       26169       25569       25568       24728       23708       23707       23706       23705       22685       21485       20285       18965
       16411       14971       14912       16292       17732       16412       16471       17911       19231       19232       17853       16474
       19239       17799       17859       17919       16538       17917       19237       19177       17796       17795       16415       17794
       19080       19081       19141       19201       19202       20582       20583       20524       21783       21723       20403       19084
       15079       13640       12260       12321       12380       11000       10940        9560        8120        8060        6740        5479
       20411       20410       21610       20290       18970       17650       16270       17649       16329       14950       15009       16449
       20624       21944       22005       22004       20743       19422       18041       18042       16663       16603       16544       16543
       18119       19439       20759       22019       23159       21959       21898       20639       20640       21840       23040       22980
       19384       19324       20584       20645       20586       20587       20526       19205       19145       19085       20345       19024
       19462       18082       18023       19404       19465       19406       19467       19468       20728       21928       20608       21867
       15159       15098       16418       15038       16417       14977       13537       14976       15035       15096       15155       16475
       25869       25210       25269       24369       23410       22270       21069       19749       21008       19747       21067       22266
        9976       11356       11355        9915        8535        8474        8413        9793       11113       12493       13993       15433
       18170       16789       16790       18169       19549       20809       20810       19551       18232       18293       19614       20874
       15831       15832       15893       15954       15894       14513       14454       14394       15775       14396       12957       11457
       22157       20956       21017       21076       22276       23357       23298       23299       23239       22160       20960       19760
       22250       22309       21109       19849       18469       19729       20989       20928       19608       19547       18227       18166
       23193       22114       20854       20793       20792       19533       18214       18275       18335       19656       18337       18338
       18472       18473       17094       18414       18355       19676       18357       18417       19797       21057       21118       22319
       15706       14325       12886       12827       14267       12767       14208       14269       12769       12830       11330       12770
       20910       20909       22049       22048       20788       19529       18210       16829       15448       15507       15506       14126
       25991       26051       26111       25511       25452       24613       24554       23593       24553       23533       23472       22391
       21211       21150       19889       19888       19887       18566       17126       17067       17008       17007       16946       16885
       21233       21234       21235       22436       21296       20096       18716       17276       15836       15837       14397       12897
       14531       14591       15970       17351       17292       18612       17232       18552       19873       21193       22333       22332
       23946       22867       22806       22747       21487       21427       20107       18727       17287       15847       14407       14347
       17184       15804       14424       14485       14544       14605       14665       16044       17484       18864       20124       20123
       23025       24165       24106       25067       24108       25069       25070       25071       24051       23990       22909       22850
       12106       13545       12105       10665       11985       13426       13487       14927       14988       14989       15050       13611
       22611       22670       22609       22549       23630       24591       23632       23573       23514       23454       24474       24534
       17113       15793       15852       14473       12973       11473       12912       12971       13030       13029       14468       13027
       12940       12999       11619       13119       13180       11739       10359       11799       13299       11858       11917       13417
       22932       22872       21673       21734       20475       19156       19096       19097       17716       16276       16215       16274
       23106       24126       24125       25025       25024       25804       25744       25803       25802       25022       24061       22921
       20600       21860       21799       20538       19219       17899       16520       17900       16580       15199       15198       16578
       18878       18817       18756       18815       18875       17496       17557       17558       16238       16177       14797       14856
       20154       18894       18955       17574       17635       17695       19074       20393       20392       21651       21650       21709
       21638       21637       21636       20375       20435       21694       21753       21814       20614       19295       17855       17914
       23048       21908       21907       20707       19387       18006       17945       17886       16446       16447       16388       16389
       21989       20730       20731       21931       21872       21932       21993       21994       20733       19353       17913       16534
       15280       15341       13961       13960       13899       13898       15278       16718       16717       15277       15216       16536
       22226       21027       20967       19647       19587       20787       20786       19525       18265       16825       15505       14124
       15640       14261       14201       15582       16902       18222       16782       16781       16840       16779       18219       18279
       11273       11274       12714       12774       14215       14156       15536       15537       14158       14218       12838       14338
       19851       21112       22372       22371       23450       24470       24471       24472       25313       25974       25314       25975
       14076       12635       11135       11134       11193       11194       11254       11314       11375       12875       12936       12997
       18713       18712       20031       21291       21352       21353       22613       23694       24654       25493       25434       26094
       19755       19754       21014       19753       18493       18492       18491       19811       21071       22272       23352       23411
       19653       20914       20975       19715       18455       17135       15754       15814       14435       14495       14436       15817
       24346       25246       25907       25908       25967       25906       25245       24465       23505       22424       21225       21166
       18737       20057       21257       21256       22516       22515       23535       22395       23476       23537       23477       23538
       16920       16860       16861       16862       16863       16922       18301       19681       21001       22260       21059       19859
       24629       23669       23730       23731       23732       24632       24573       25414       25355       26016       25357       24577
       23210       23269       23208       23267       23207       22187       22247       23387       22306       22366       21165       19965
       26296       26357       26297       26238       26179       26240       25520       24620       23660       23721       22642       22582
       26132       26431       26131       25470       25530       25591       25592       24812       23851       23790       22650       22709
       26020       25960       25901       25902       25903       25183       25123       24284       23324       22304       21164       19844
       23970       22889       21689       20430       20370       20310       20309       18988       18928       18868       20189       20190
       21254       20054       21314       21374       21434       20175       18795       17415       17475       16155       16214       16213
       20635       21895       23155       22015       20754       19374       19373       17994       17993       16553       15233       15172
       17846       17786       19167       20427       19108       19048       18987       17607       16227       14787       13407       13408
       19376       19377       20697       19437       18057       17996       16616       16555       16495       17876       16497       15117
       24137       23117       23116       21916       21975       20715       19455       18076       18016       19336       17956       16577
       20653       19333       19393       19454       19453       18072       19451       18071       16690       15250       15191       15131
       15371       16811       16872       16873       16874       18314       16994       15615       15555       16875       15435       14054
       12508       14008       14069       14070       15390       16769       18148       18147       18146       16765       15445       15504
       17044       18424       18365       19625       19624       19623       19683       21003       19743       21004       21065       22325
       22506       22566       23586       24486       24425       23464       23403       23463       23523       23522       22441       21300
       11154       12534       12595       14034       15414       15475       15534       15593       15653       14213       12772       11272
       11637       13137       14578       15898       17277       17338       18778       20099       21358       21298       21239       22440
       25287       24446       25285       25885       25886       25887       25888       25168       25229       25169       24389       23430
       20937       22077       22078       22137       22196       23276       24236       24237       25137       24357       24416       24476
       18490       17109       15728       17168       18608       19868       21129       22328       23468       23407       22267       22206
       20926       19606       19545       20805       22065       20925       19664       18284       16844       15404       16785       16846
       21143       22283       22282       22341       22402       21201       19941       18622       19943       20003       20063       20062
       20010       20069       20068       21388       22648       23727       23786       22706       22645       21445       21384       21324
       24558       25399       25339       25279       25938       25997       25996       25396       24616       23716       23775       23776
       14744       16123       16063       16003       15943       17324       17264       17205       17144       17084       18524       19845
       26065       25406       25407       26066       26005       25344       24504       24563       24623       23603       22524       22523
       23914       22894       24034       24993       24932       25771       25831       24990       25050       24089       23009       21809
       24940       23980       22960       23021       24161       23081       23142       21942       20622       19302       17923       17983
       22793       21533       20273       21532       20212       18892       17511       18890       18950       17510       16070       16069
       21491       22692       22632       21372       20052       18792       17413       18853       17473       16094       16154       14774
       20598       19277       19337       19398       19399       19460       18079       16700       16701       16702       15262       15201
       26283       25623       26284       26345       25686       24847       24786       23825       22744       21604       20284       20344
       24075       22996       22937       22877       23956       24976       25816       25815       25754       25695       24795       24855
       17961       19341       19282       19283       19284       19285       19346       17967       19287       20547       21808       21749
       21393       21454       21455       20255       20316       20256       21456       22716       23736       23676       23617       23556
       20382       19063       19064       20384       20325       19006       19066       17687       17688       19069       20390       21590
       21790       21789       21728       20469       19209       19210       19211       19212       17772       16391       16450       15070
       24143       24083       24024       24085       23065       21925       21986       23126       23127       21927       21868       23008
       21773       21713       21654       22914       22915       22975       24056       24057       25017       25857       25798       25799
       25127       25128       25129       24290       24351       25191       25132       25193       25134       25195       24415       25315
       24202       23242       23183       22043       20903       19644       18384       18445       17065       17006       15566       14185
       19900       18520       17139       15819       14379       14319       14259       12759       12699       11259        9879        8559
       23382       23321       23261       24220       23200       22060       20860       20859       20858       19658       18278       16898
       25083       25082       24241       24301       25200       25920       25919       25258       25918       25917       25976       25256
       17081       18521       17201       17262       18702       18763       20082       21342       20083       20024       21285       21226
       25535       24695       24634       23674       23615       22535       22474       22413       22472       23552       23491       24450
       13200       14700       16079       16019       14579       15899       17280       18659       18598       19919       19980       19979
       22448       21248       21308       22568       21369       20110       21371       22511       22450       22451       23471       24431
       20137       21337       21278       22478       22419       22358       21098       19898       18577       17137       15756       15816
       22361       23440       24340       24339       25178       25898       25958       26017       25956       25236       24456       24516
       22883       21682       22881       22820       22819       23839       23840       24799       24740       24741       25641       26301
       25479       24640       23680       22601       22541       21340       22539       22598       22659       23799       23800       23860
       24163       24164       23083       21823       22963       21763       21704       21643       22783       23803       24762       23862
       25014       25074       24113       23093       21893       20632       21891       21831       20511       20510       20449       21708
       25060       25840       25841       25782       25783       25003       25004       23984       23983       23922       23861       24821
       25751       25810       25749       26349       26348       26287       26226       26167       26407       26406       26166       25507
       20420       20359       21619       21558       21557       21498       22699       23778       23838       24797       23836       24736
       26418       26117       26176       26115       26414       26174       26113       26053       25333       24433       24373       24434
       22958       22957       22897       22836       22775       23795       22714       22713       21573       20253       20192       21451
       23314       24274       24275       24276       24217       23197       22116       22056       20796       20797       19538       18218
       22041       23181       22100       22039       20839       22038       22037       20777       20837       20898       20959       19698
       17027       18347       18406       17086       18526       18466       19787       19788       19848       19907       19906       18585
       23222       23163       22082       22021       22140       23220       23279       23339       23399       22320       21180       19920
       24258       25099       25100       24320       24380       23419       22399       22339       22280       22279       21019       21020
       23304       24265       24206       24267       23308       23248       22168       21028       21029       22289       22350       23490
       25872       25873       25874       25934       25275       25216       25156       25095       25154       25094       24314       24313
       17257       17318       17319       18639       19959       19960       21221       19961       19902       19903       19964       19905
       25909       25250       25910       25971       26032       25432       26152       26212       26271       25551       26151       26450
       20228       18968       17587       16207       16148       16087       16028       17408       18728       18729       20050       19990
       18497       17116       18496       18555       19935       18616       19937       19938       21138       21077       21018       20958
       24807       25707       26367       26307       25646       26305       26244       25524       24685       23724       22584       23663
       25594       25654       25713       26374       26315       26375       25716       25656       24876       23917       22838       21639
       22017       23157       23097       24178       23038       22977       21717       22857       22858       22919       21719       21780
       19022       20342       21542       21481       20221       20280       20219       21479       21420       22620       22501       21301
       17781       19221       20481       20422       21622       21561       22762       23842       24803       23783       22643       21443
       21979       21919       23119       24139       24138       25038       25818       25758       25698       24857       24796       24735
       24152       24092       23011       22951       22892       22832       21692       20432       20493       19233       17854       17915
       22013       20752       22011       20750       22010       23150       23089       23030       21829       21828       21769       21710
       26134       26074       26013       25954       25234       25294       24453       23433       23434       23435       23496       23497
       23295       23236       23175       22035       20834       22033       23173       23172       24192       24253       23353       23413
       20080       18820       18819       17440       17381       17320       15880       14500       14561       16001       14622       14682
       22171       23250       23310       24270       24271       25112       25113       25173       25232       25231       24390       23431
       24366       24367       25147       25088       24248       25089       24189       24250       25091       25151       24371       24372
       20933       22193       22253       21054       19734       19795       21115       22315       23394       24355       25255       24475
       21039       19779       18458       19777       20977       22178       22237       23377       22357       22417       23557       23558
       26459       26099       25439       25498       24658       23758       22618       22557       23637       23576       24535       25374
       21208       21267       22466       22527       23667       23608       24569       23610       22530       21390       21449       21509
       26400       26340       25680       25679       25678       25618       25617       24776       24716       25496       25435       25376
       23760       23761       24721       25501       26162       25502       24602       24542       24481       24540       25440       24660
       26429       26428       26128       26068       26009       25950       26011       25352       25351       24510       24449       23488
       25834       24995       25836       24997       25838       24938       23918       22839       21640       21641       22781       22841
       20629       20688       21948       22007       23147       23087       21886       20566       19247       19188       20448       20508
       25080       25020       24959       24960       25741       25742       24842       23883       23943       24002       22982       23041
       25822       24982       25823       25824       25765       24926       23906       22826       22827       21567       21508       20249
       25008       25788       24948       25787       25846       24946       23926       23927       23868       22788       21589       22790
       16462       16403       17783       19164       20484       20424       20365       21565       20305       21505       21444       21503
       21725       22926       22925       22984       23043       23104       21904       23103       24123       23042       22981       24120
       20738       21997       23137       23136       23075       23015       21816       20616       19356       18036       17975       16596
       23484       23424       24383       25223       25164       24325       23366       22346       22347       22408       23489       23429
       26403       26404       26164       25444       25445       25384       25323       25983       26042       25981       25922       25863
       25940       25941       25341       24501       24440       23540       23541       22521       21320       21381       21442       21383
       24589       25429       25368       25369       24469       23508       23568       22488       21288       20027       19966       20025
       26420       26121       26122       26182       26242       26303       25703       25702       26361       26360       25701       25640
       18946       20206       21526       22725       22726       22785       22845       22906       22967       21707       21648       20389
       26389       26330       26329       26268       25668       24827       23807       23747       22607       21347       21286       20026
       21518       22658       23798       24757       25537       26197       26437       26436       26076       25417       24517       24457
       20709       20650       21911       21972       21913       23113       23054       21794       20535       20595       19274       19273
       25813       25752       24852       23891       23951       23890       23831       22752       22813       22814       23834       22755
       24988       24928       25769       26369       25649       25589       24809       23848       22769       22710       21450       21511
       22675       22615       21475       21476       21477       22737       22738       22739       22800       22860       22920       21661
       23052       22991       24070       24069       25028       24067       25027       24968       25807       25806       24965       24906
       26378       26377       26318       26258       25658       25719       26380       26320       26381       26322       25661       25602
       24834       24895       24954       25793       24952       25791       25731       25672       24832       23932       22851       22910
       23809       24769       25549       25488       25427       26086       26145       26146       26447       26148       26449       26150
       24404       24463       24523       23503       23502       24461       24521       23560       24519       24459       24458       24518
       23587       24487       25327       25988       26049       25389       24549       23589       24550       24491       24432       23412
       13484       14924       16305       16365       17746       19125       20505       19185       17804       16424       15104       13664
       26332       26333       26274       26275       26214       26454       26455       26156       26097       26036       25375       25316
       24724       23763       24663       23703       22622       21423       20164       20103       20102       20041       21241       19981
       16157       17537       18857       18917       20177       20118       21379       21319       21260       21321       21382       22583
       26441       26440       26200       26139       26080       25421       26082       25423       25483       24642       24702       25542
       16540       16600       17979       19360       20740       22000       20739       21939       23139       24159       23078       24157
       17545       17486       17426       17365       18685       18745       20125       20186       18866       20187       21448       20188
       22630       23710       24671       24672       24732       25573       25633       24853       24914       23954       23895       23835
       24645       24706       25606       25605       24825       25665       26385       26384       26323       26262       25601       24761
       23343       22323       22262       22322       23401       23520       23519       24479       24538       24477       24536       24595
