         273          33          32          31          30          29         389         390         451        1171        1112        1952
       14283       12844       11464       10084        8703        7323        6063        4803        4864        3664        2583        2523
        3868        3869        5069        5068        5067        3866        2726        2727        1767        1707        1646        1585
        2828        2887        2826        2767        2708        3789        3790        2770        2830        1930        2889        3969
        1727        2687        1787         946         285         224         225         825        1725        1665        1605         764
         931         870         929         269         208         808         747        1588        1587        2607        2606        1706
         256         316          15         375         435         494         553         554         555        1216        2057        3018
        4103        3023        2962        2062        1162         501         500         499         558        1278        2058        1999
        1839        1838        2858        2918        1957        1117        1058         338         337         278         878        1778
         459         520         461         522        1182        1123        1963        1904        2865        2925        4065        5325
       10821       10760        9320        9259        7879        9199        7820        6440        6500        5300        5359        6620
        5401        4260        3240        3300        4380        5521        4322        4263        5463        5404        5344        5284
        5159        6419        6420        6480        5161        3962        5162        5103        5164        5225        4085        4084
          80         139         798        1578        1518         678         619        1399        2360        3500        4760        6019
        1139         480         420          60         360         299         240         180         181         122         782        1622
        3298        2278        1378        1319        1380        1321        2101        1201        1141        1081        1921        1021
       11721       13221       13282       13223       11723       13163       11724       10343       10282        8842        7461        6140
        7466        6206        6265        6264        6263        5063        3803        3744        3804        2725        1705         865
        7639        7638        9018        8959        8958        8897        8837        8777        8838        8839        7460        7399
        7566        6246        5046        3845        2705        1744        1804         963         243         843        1623         783
         168         109         170         231         172         112         712         772        1611        2571        3711        3712
        1356        1296        1357        1298         578         577         576         516         455         394        1053        1892
        1916        1077        1918        1979        2999        3060        3119        3178        3177        3116        3055        2035
        4390        3250        3251        2231        2170        3130        4211        5410        5350        5290        4089        3009
        3050        2030        2031        1251         591         532         472         473         534        1195        2036        3056
        8298        8297        9676       11057       11058       10998       10938        9557        8178        6858        5538        5539
        3122        2222        1322        1323        2103        1264        1265        1324        2224        3124        3064        3004
        2077        2016        1956        2915        3995        2855        2795        1836         995        1054        1893        1113
        6966        6965        6964        8404        9844        9905        8525        7145        5824        5884        7203        5883
         627         626         625        1525        2486        2427        2428        3509        3449        3390        3331        3391
        4670        5930        5929        7309        7369        7429        7490        7491        7552        6292        5033        5032
        4881        4941        4942        4883        6143        6084        6023        7343        7402        8782        7401        7400
        1421        1422        1423        2383        3523        3582        3581        3580        3579        3578        2558        3638
        8587        7206        7265        8645       10025       11345       12786       11346       12787       12847       12907       14348
          42         343        1003        1064        1125         465         526         586        1245        2086        3045        4126
        1889        1888         988         388          28          27         326         266         206         146         805         804
        1774        2735        3814        4954        6154        7475        7534        7533        8914       10294       10353        8972
         407         408          48         288        1008        1849        2749        3829        5030        6290        5031        4972
         471        1130         469         409         350          51          52         353        1013        1793        2752        2693
        3245        4265        5405        6664        7984        7925        7865        6546        5286        5227        4028        2948
        4409        4410        5670        5669        5668        6927        6867        6808        5547        5546        4286        4287
          20          21         322          23         323        1043        1042        1101        1941        2900        1939        2898
         563        1283        1284         564         565        1226        2066        2127        1347        2247        3206        3146
       16001       14620       13181       13241       11861       13361       13362       11923       11864       11805       11746       11806
        1375        2214        3173        3112        3052        4072        4132        4071        2931        3951        3892        5092
        4964        6223        6224        6285        5026        3766        3826        5086        5145        5206        5266        5326
        3982        3981        5121        5061        3860        5059        5118        6438        5238        4038        2957        3017
        1302        2143        2142        2081        2140        2200        3161        3160        4300        5440        5381        5322
        6612        6613        5413        4214        4154        5355        6615        6676        6617        6618        6679        6680
       12274       12334       10955        9575        8195        6815        6754        6695        5435        5374        5373        4113
          90         151          92         153          94         154         874         274         215         876        1717        1657
         640        1420        1419        2439        1539        1600         760          99         159         879        1718        1658
         654         655         716         715         115         174         834        1614        2573        2633        3773        3832
        2426        2365        2305        3445        3504        3563        2543        3624        3625        2605        1645        1644
         883         222         161         881         281         280         941        1782        2682        1662        1603         703
         354         295         296         896        1676        2635        3715        3776        2756        3835        3774        4974
        1387        2346        2405        3425        2285        3305        3304        4503        4562        5822        7202        5882
         855         135         735         674         734        1575        1515        2476        3557        3558        4759        6018
         483         424         425         486         427         367        1026        1866        1925        2945        3005        3065
        7292        6032        4832        4833        3634        2553        2613        1653        1712        1773        1833        2792
         652        1432        1431         651         710         649         708         767         706         645         704         763
         118         177         238         298          58         418         477         538         597         596        1256        2096
        5234        4094        4034        2955        2055        2114        2053        3012        3072        4212        3132        3192
        6565        6625        5305        5246        4046        3987        2907        2966        3027        3087        4227        4226
       10381       10500        9120        7680        6300        5039        3838        3897        5096        5097        6358        7678
        1371        2211        3171        4251        5451        6712        8031        7971        9411       10791       12111       12110
        5408        5467        4267        3188        3128        2167        3126        4146        4086        4027        4088        4029
       11102       11101       12541       14041       12661       12721       12781       11401       10021       11460       11399       12779
        7286        6026        4706        4707        4648        5908        5969        6030        4770        4711        4651        4652
        3533        3472        2391        3411        3350        3351        4491        5751        5811        7130        8570        8630
         730         669         728          68         129         190         131          72         132         852        1691        1750
        4690        5890        5889        5949        6009        4750        4810        3611        2531        2590        1690        1749
         143          84          83         683         622        1462        1461        1520        2540        3560        4700        4761
        2385        1426        1487        2387        3468        4728        4789        4790        4791        4852        4913        3713
        9955        8575        8634        8693        8752        8813        8873        7433        6053        6112        4912        3772
        1815        2776        2716        2656        1697        2658        2718        3738        4939        3679        4819        4820
        1060        1960        2980        4060        4001        2861        1902        1841        2741        2680        2619        2618
           9         249         248         247         246         305         245         906        1686        1625        1564         724
        2806        2805        2744        3823        3883        5083        5144        5204        4003        4063        4122        4121
        1760        1821        2782        2722        2661        1641         861         801         862        1703        1704         864
        4355        4356        3216        3155        2195        1354        2193        3213        3153        4233        4172        4173
        1389        1450        2409        2468        2408        1447        1507        1506         666         605         664        1503
         507         568         508         509        1170        2009        2069        3030        3031        4171        5371        5372
        9340       10721       10722       12042       10602       10601       10600        9280        7840        7841        6581        6642
        4229        5429        6629        5368        5308        4109        5249        3989        3990        3991        5251        5312
        6794        6793        5533        4393        4394        4333        3193        3194        3195        4276        5477        5478
        4995        6256        4997        6257        6196        6135        6076        4817        4877        6138        6079        6080
        9395       10835       10836       12156       10716       12036       10656        9275        9274        7954        6633        6572
        1174        2015        3035        3096        4176        5376        5316        6575        6515        5254        5313        4112
        5631        4430        5630        6889        6888        5568        5508        6767        6707        6646        5385        4125
        9600        8220        6900        6839        6779        8100        9480       10801        9481        9482        8103        6783
        2189        1349        1290        1351        2191        2251        3210        3149        3208        3268        3207        3266
        6886        5686        5685        6944        6884        8144        8145        6765        5505        5506        4246        4187
        5573        5632        4372        3291        3292        2272        1372        1313        2093        3054        2995        2996
       10928       12248       10808        9429        8048        8108        6848        5587        5646        5585        6844        6784
         588         589        1249        2149        3109        4249        3168        2268        3227        3166        3106        4186
        7006        8385        9766        9765        9764        9763        8383        7063        7122        8502        8561        8500
        3842        2702        3781        4921        3780        3720        2580        3600        3541        2461        1502         722
        2318        2317        2316        3396        3455        3516        2436        2495        2555        1655        1656        1597
         616        1455        1395        2356        2296        2357        2298        3438        4639        5898        5959        6020
        1408         628         689         750        1591         752         692         632        1472        2372        3392        4532
        1410        2430        2490        3630        3691        3752        4952        6272        7592        7653        9032       10352
        1438        1498        1558         658         719         660        1500        1439        2339        2340        3360        4560
        4684        4683        3482        3421        2281        3362        2283        1383        1382         602         663        1563
       10480        9101       10482        9102        7782        6402        5141        5081        3880        3819        2679        1719
        2270        2269        1369        1368        1367        1366        1365        1364        2144        3044        2985        4066
        4314        5454        5455        5516        5517        6777        8097        8038        9418       10799       10740       10800
        4984        3844        2824        2823        1923        1983        2043        3002        4082        4143        4144        4145
       20013       20014       18695       17315       15934       17313       15933       14613       14673       13232       11793       10413
       13926       13865       12365       13745       13686       12186       10806        9425        8046        8106        8165        8164
       16174       14794       13294       13295       11915       10534        9153        7772        9151        9211        7891        6511
        7307        8747        7367        7428        7487        6167        4847        3647        2567        2506        1545        1544
        9367        7988        9308       10688       10627        9187        9188        7809        6489        6430        5169        3970
        7663        7664        7665        9105        9104        7784        7845        7844        6584        6523        5323        5383
        8000        8001        7942        6623        5303        5242        6502        7823        6443        6504        6445        5125
        8308        9628        9569       10950       10891       10832        9392        9332        9273        7833        6573        5253
       13923       13924       15304       16685       18066       16687       15308       15307       15248       16568       15189       15128
       14643       14582       14521       15841       17281       17341       17402       16082       16142       17582       17643       17584
        8325        8326        8327        9647        9588        8148        9528        9469       10789        9349        9290        9230
        9526        9466       10846        9406       10787       10727        9287       10607       10608       11989       11990       10670
        8090        6769        6709        7969        6649        6588        6529        5269        5328        5327        5386        4185
        5614        5674        6934        6935        5676        6936        8316        8257        8197        6817        8138        8198
        2263        2262        3282        4361        4360        4419        3279        3218        4298        5498        6759        6819
       11177        9797        8417        7037        6977        8356        9736        9795       11175       12675       14055       12614
       11133        9813        9752       11131       12631       11251        9872        8492        7052        5733        4472        3332
        3401        3402        4662        5922        5983        6042        7422        7421        8741        8740        8680        8620
        3959        2819        1799        1798        2698        1678        1679        1740        1681        1621        1562         723
       16743       15423       15424       15425       16865       15486       14106       12665       11165        9725        9726       11166
        3317        4457        4458        5778        5719        5720        4520        3319        3380        4640        5960        7279
        7066        7125        8504        9884       11264       11325       11386       11387       10007        8628        8629       10009
        4692        5953        5954        4695        3435        3495        3556        3615        4875        6075        7455        8895
         157          97         756         695         634        1474        1415        1476         637        1537        2557        3637
       10416       11796       10417       10358        8978        8917        7477        7417        6098        4838        3698        2617
        7288        7348        7408        6088        4828        4889        3749        3750        2730        2791        1832        1052
       10308       10247       10187       10127        8746       10125       11565       11564       11503       11442       11381       10061
        1333        1272        1211         551         491         430         371         432         372         972         911        1751
        6033        4713        5974        7294        7355        6035        4775        4836        4896        3756        2677        3697
        9286        7846        6466        6407        7667        7607        6288        4968        4909        4910        4971        3831
        8757        8697        8636        8695       10075       11455       11394       11453       11452       11451       11391       11332
        4931        6191        7571        7632        7633        6313        4993        3792        3852        5112        5111        5170
        4452        5713        4454        5715        5776        4576        5896        7276        8656        7277        7338        7339
        4096        4036        5296        6496        6435        6375        5116        3916        3917        2838        2899        2958
         199         258          18          19         318        1038        1098         437         497        1156        1997        1998
        9218        9159        7719        7718        6397        6396        7656        7716        9095       10474       11794       10414
       10198       11577       13077       14516       13075       13135       11696       10315        8995        7616        7617        8997
        9066        9065        7745        6365        5106        5107        6367        7688        7689        6309        5050        5110
        6951        8271        8270        9590        9591        9592       10912       12291       13671       12171       13551       13491
        2235        1335        1336        2177        2238        2237        3137        3076        4216        4217        5418        6738
        5529        5530        5531        6731        8051        9432       10811       10870       12250       13630       15069       16509
        8306        9686       11067       11066       12386       13826       15265       16705       16704       16643       15203       13763
        6801        5541        5482        5421        4221        4162        4161        4100        3080        3140        4219        5420
        6772        8093        8094        8035        9415       10794       10793       12233       13673       13613       15052       15111
        8213        8154        6835        6896        5636        5696        4436        3296        2276        1376        2156        2095
        2060        1280        1281        1282        2182        3143        4224        3144        2244        2245        3205        2246
       11824       10384        9003        7563        7504        7444        7385        6065        6006        4686        4627        4628
       14537       14477       14416       14417       12917       11537       10097       10098       10039       10040        8720        7340
        7107        5787        5846        5905        5904        4584        3383        2363        3442        4642        4701        5961
        4540        4479        5739        6999        7000        7001        5741        4482        5802        5861        7180        8560
       12517       12518       14018       14078       12637       12697       14197       15576       15636       15696       15757       14437
        3406        3347        4487        4486        4545        3344        3404        4664        5864        7183        8562        8621
        2592        2593        3613        3553        3492        2412        1392        2351        3430        3429        3428        2288
        3914        2834        1814        1753        1694        2654        3734        4933        6133        7453        8834        8775
        3726        3667        4867        6067        7387        6068        4748        3547        3606        2525        2524        1504
       12824       14264       14205       15585       15524       14143       12702       11262       11323       11382       10002        9941
        8667       10107       10166       10226       10286       11726       10406       10465        9085        7705        6385        6384
        7333        7332        7271        8711       10031       11411       11350       11409       10089       10088       11528       11527
       10228       10169       10170       10231       10290        8910        7470        7411        7350        7291        5911        5851
        2588        3668        4928        6248        7568        8888        8828        8767        8826       10206       11587       12967
        3408        2329        1429        2449        2510        2569        1609        2629        1729         889         289          49
        4961        6222        4902        4843        6104        6105        4905        3645        2564        2563        1543        1604
        4679        3479        3538        4738        5997        6057        6116        7496        6175        6234        4973        3833
        8965        9024        8963        9023        7642        7701        7640        7580        7521        6141        6081        6021
       17730       17669       16289       14969       16409       16469       17848       19168       19169       20488       21749       21748
        3872        5073        5133        6394        6335        6275        5016        6277        6218        4958        3759        3699
        7468        7528        6209        6269        6270        6331        6391        7710        9030       10411       10412        9033
        5147        6408        5149        3949        4008        2868        1909        1968        2988        3048        4127        5387
       13888       15329       15330       13890       13951       13952       15332       16713       16714       18034       16594       16533
        1868        1029        1088        1149         549         548        1268        1267        2047        2947        3008        2949
        5678        5679        5680        6880        6820        8141        8081        9462        8082        8021        6641        5382
       11536       11535       11594       11655       11714       10394       10395       10456       11835       11894       13394       14894
        4405        4344        4403        3263        3262        3261        2241        2240        3260        4280        5480        6739
        9513        8193        8253        6932        5672        5613        5553        4352        4291        5491        5432        6632
        6922        5662        6921        8301        8300        8239        6919        5659        4399        3259        4279        5419
        4495        3355        3356        3357        4497        5757        5817        7197        7258        8639        7260        5881
        7157        8537        9977       11297       12677       14057       15377       16757       16816       16755       15374       13995
       11303        9922        9923        8483        7103        5783        4463        4462        4521        5841        5900        7220
        7117        5857        4537        4477        5736        7056        6997        8378        9758        8438        8499        7179
        8699        8759        7379        6059        6120        4860        4741        6061        7381        8701        7261        7262
        9968        8648        8649        8590        8530        7149        7148        7087        8466        9847        9787       11107
        5858        7238        7298        5977        5916        4657        3458        4659        4660        5980        7240        7181
        5866        7187        5868        5809        4549        5749        7068        8388        8389        8450        9890        9949
        2431        2432        3513        2373        2314        3334        4535        4534        5854        5853        4592        4531
       19002       18942       17563       16243       14864       14805       14806       14807       13368       13308       14688       13188
        7375        7315        5994        5934        4675        3476        2396        2455        3595        3594        4854        4853
       13086       13145       13144       14585       15966       16026       16086       16145       17524       17523       18963       18964
       12987       12926       11426        9986       11306        9866        9867       11248       12687       12627       14066       14065
        5094        5154        6413        6473        5212        6532        6593        7973        9293        9292       10671       12050
        3315        4514        5773        5832        4573        4572        3372        3311        3310        3309        3368        3367
        9205       10584       10524       10463       11842       11902       10521       10520       11840       13279       11779       11719
       11918       10537       10536        9157        7776        7837        6517        7897        9278       10657       11977       13416
        1854        2874        3953        2933        1973        1912        1851         951         891        1731        2692        3771
        6302        6363        7743        7802        7863        6543        7923        9302        9361        8040        9360       10681
        8967       10348       10408        9088        7707        6387        6448        6509        6510        7890        6571        6512
       10505       10564       10563       11944       13324       14763       13322       11822       11882       10562       10621       12061
        9664        9663        8282        8283        8222        6842        5581        5642        5643        5644        5584        6843
        3098        4178        4117        4057        4058        5198        6518        6579        5319        5380        5321        6582
        7918        6597        6656        5336        5276        5216        6475        7794        9173       10552       10611       12051
       10994       10993        9673        8294        8235        6916        5655        5656        4396        4397        4338        4278
        4426        4366        3285        3284        4364        4423        4362        5502        5503        4243        4183        4124
        4434        5694        6954        8275        9656       10976       10977       12417       13856       13797       15177       16558
        5664        6864        6865        8245        8304        8303        9683       11003       11004       12324       13704       15143
        8323        8263        9642        9581       10901       10900       12340       12341       13782       13722       13723       15163
       13790       12410       12409       10969       12289       10909       12288       13668       13608       12169       13610       13550
        9723       11163       12603       14042       13981       15420       14039       15418       15417       16798       18179       18240
       16793       15412       14031       12590       12531       12592       12652       11152        9771        9831       11271        9951
       12731       12671       11232        9912        9913        8593        8654       10034       10093       10153        8774        8835
        1433        2394        3414        3353        4493        4494        5814        5873        5932        7252        8631       10010
        2307        2308        3328        4529        4469        5789        7169        7170        7171        5791        4591        5852
       12525       12524       14024       12644       12645       12646       14086       14026       15407       15408       16787       18168
        7136        8456        8396        8455        8394        7014        7073        7012        8452        8512        9891        9952
       10363       10423       10362       10301       11621       11620       11619       10179       10120       10059       10000       11380
        2577        3657        4858        6178        7498        8879        8939       10318       10378        8999        7618        7677
        7501        8941        8882       10202       10201       10200       11640       11639       13019       11519       11458       11398
       13539       14919       16239       16240       16181       16121       14740       13360       13359       14798       13357       13356
       18618       17238       15918       17358       17418       17479       18859       20179       20240       20241       20182       18863
       10361        8980        7540        6280        6279        6340        5079        5078        3877        2737        2678        3758
       10273       11652       10272        8952        9012        9071        9130       10510       10571       11952       13393       14834
       11819       10438       11817       10436        9116        9115       10494       11874       11933       11932       11991       10610
        9310        7870        7811        9192        9252        9313       10694       10754       12074       12015       13454       14893
        7756        9137        9197       10576        9195        7814        7753        9133       10453       11893       13334       14773
        9223        9283        9342        7963        8024        9404       10844       10784       12163       12222       13663       12224
       16385       15005       14944       14884       13384       13445       14886       14946       16327       15007       15068       16448
        8218        9538       10918       12298       12238       12177       10857       10856       12176       13617       15058       15057
       12066       10685       12064       10684       10743       10803       12184       12244       10924        9544        8104        8163
       10766        9386        8066        8065        6744        6803        8122        9502        9562       11002       12382       12322
        8321        9700        9640        9639        9698       11078       12398       12338       13777       13776       15215       15156
        9459       10839       12220       12160       12099       12098       10778        9397        8018        6698        8078        6818
       11041       12421       10981       10922       12302       13741       12360       12300       12241       13621       12121       12180
       11088       12467       13967       13966       13965       13964       13963       13904       13845       13784       13724       15164
        4438        5698        6958        8278        8337        9717       11096       11095       11034       12414       13853       15293
        6906        8226        8286        9606       11046       10987       12368       12429       12369       13749       15129       16508
        6987        6988        6989        6990        8430        9809        9748        9747       11126       12567       12626       12565
        4726        5985        7305        8625       10065       10124        8743        7303        7242        8622       10001        9940
        7086        5765        5705        4446        5707        5708        7029        6969        8348        9727       11167       11227
        6994        8375        8374        9755        9815        9876        9937       11377       11378        9938        9939        8619
       19570       20770       20771       22031       22030       22029       22028       22088       23167       23227       22207       21007
       15527       15588       16969       16910       15530       14150       14089       12648       11209        9889        9950        8571
       17107       18486       18547       18606       18665       18725       20045       21245       22446       21186       22326       22327
       12558       12619       11179        9859        9919       11300       11360       12801       14242       14183       14184       15564
       15807       15808       14368       12928       11428       10049        9988        9929       11309       12750       12810       12870
       17999       17939       17940       16500       16439       16379       16320       16321       16322       17702       17703       19023
       10151        8831        7451        7390        7450        8890       10270       10209       11589       11648       13028       12968
       11443       12883       14383       14384       14445       14504       13063       13123       13184       13245       13246       14687
       20955       22154       22153       20952       20892       19633       19573       19513       18194       16754       15434       13994
        8816       10195       11574       11573       13012       13071       13070       14510       15950       15949       14568       14627
       10277       11657       11716       13156       14656       14657       14658       14717       13277       13336       13395       14895
       21231       19970       18650       17210       17150       15769       17148       17208       17268       17328       16008       14628
       17405       17404       17403       18723       17283       15903       14523       14464       15845       15846       14467       14408
        1935        1094        1933        2892        3972        5173        6433        6492        5292        4091        4030        5229
       10178       10237       11677       11676       11615       10235       10174       10175       10116       11497       12937       14377
       13465       14965       16285       17664       16284       14844       13344       13285       13345       11906       11967       11968
       10385       10326       10327       10387       11768       11769       10390       11771       11772       13272       13333       14833
       14550       13170       11670       11611       11672       13112       13053       12993       14432       14372       14311       14310
       17885       19264       17883       16443       15063       13563       13502       13442       14881       14940       13560       12120
       10566       11946       11887       11948       13448       13508       12069       12070       12010       13451       13392       14892
       11972       13413       11973       12034       12094       12153       12092       12091       12090       10650       10649       10588
       17835       17896       16516       16575       16634       15253       16632       17952       17951       17950       16510       15130
        9593        8273        8333        9712       11092       12471       13971       15351       16731       15291       15232       13792
        6913        5652        6911        8232        8172        9553       10873       12252       12193       12133       13513       14952
       10585        9265       10705       10704        9384        9443        9504       10885       10825       12204       12263       13703
       15724       15725       15666       15605       15604       14164       12723       11283        9963        8523        8582        8581
        4586        3326        4466        4465        4464        5725        7105        8425        9745       11125       12625       12685
       15462       14022       12582       11141        9760       11140       12520       14020       12640       11260        9880       11320
        9738        8359        8360        6981        6982        6983        8362        9743        9744       11184       12684       12624
       18131       16750       15370       15430       16810       18189       18129       16748       15367       13987       12607       12667
       18151       16831       15511       16951       18330       18329       17009       18390       18450       17130       15690       14250
        4443        4442        4441        5760        5759        7139        8519        8460        8401        7081        7141        7201
        7091        8411        9791       11172       11112       12551       12491       12550       12489       12488       12547       11106
       12512       12513       14013       15393       16774       16834       16775       18155       18156       16777       16838       18217
        8343        6962        8402        9842        9901        9960       11280       12719       11278        9897       11337       11338
       18246       18307       16927       15607       15608       15549       14109       12669       11229        9849       11228       11168
       17275       17334       18713       18773       17453       16072       16071       14631       13191       13250       14689       14629
       12327       12328       13769       13710       12210       12209       10769        9388        8008        6687        5426        4225
       18775       17395       16015       14634       13193       11753       10433        9053        7673        7674        6294        6233
       15685       14305       15686       14307       14248       15568       14188       12808       12807       12806       14186       14125
        7524        8844       10164       11545       11484       10044        8604        7223        7222        8601        7281        8660
       15851       15791       15850       15909       15969       15968       14648       14707       14767       16146       16205       16204
       18825       17445       17386       16006       16065       16126       17507       18827       18828       17449       16068       16009
       12053       13493       14873       14814       16193       17573       17632       17692       17691       16371       15051       14991
       16169       17549       16109       14730       16111       16171       14792       16172       17552       18931       20191       20251
        4021        3000        4079        5278        6478        7798        9178        9237        9297       10678       10739       12119
       11971       11910       11850       11849       10529        9149        7768        7827        7888        9268       10648       12027
        1886        1945        1106         445         444        1044         984        1824        2844        3924        5184        5185
       14967       14968       13588       13647       15086       15025       16404       16464       16525       15145       15144       13764
       17614       18993       19053       19114       19055       17676       16295       14914       14973       15034       15094       16473
       14820       13320       11940       12000       13439       13378       11938       11997       13497       14937       16377       16437
       16740       18061       16682       15302       15241       16561       17941       19321       19382       18003       16622       16563
       11039       11099       12480       13980       13979       13978       15358       15299       15239       13798       15178       15118
       13933       13932       13871       12431       10991        9671        9670        9609        8289        8288        8229        6908
       11962       13401       13461       12020       10639       10638       11958       11898       10458       10459       10400       11720
       20690       19430       19491       19492       19493       18114       16734       15355       13914       13854       13793       13852
       15267       16707       15327       13947       13946       13945       13944       13883       13942       13882       13822       13761
        9261       10641       10702       10703       12023       13463       14963       13583       13582       13642       13702       13762
       20290       18971       18912       20233       21494       21555       21615       20354       19094       17713       16273       14953
       20619       20558       21818       21759       21760       21761       20441       19181       17861       16482       15103       16483
        7935        7994        8055        8115        9494       10875       10936       12376       12377       12318       12379       13819
        9695        9694       11073       11013       12453       12454       12455       12456       13895       15275       16595       16535
       16665       15286       15346       16726       18105       19425       19365       19306       17926       16486       15105       13665
       11422       12861       12921       11480       12919       12859       14359       15738       17118       17058       18439       18379
        8399        9779       11158       12538       12537       12536       11156       12656       14156       12776       12837       11397
       15721       14281       14282       15602       15601       17041       18480       17099       15719       14339       12898       12839
       18175       18176       18236       18237       19557       19618       20879       20819       19560       18239       18180       16800
        7236        8616        8555        8554        8613        8674        8733        8732       10052       10051       11430       12871
       15783       17164       18544       18484       19803       18482       18542       18602       19923       21183       21242       21181
       13020       12961       13022       13081       13142       11702       11643       10264       11584       11585       13026       12966
       14312       15632       14192       14252       12813       12753       14194       15634       14314       14315       14376       12996
       13067       13007       12946       14446       15766       15827       15886       15945       14565       13125       13186       13247
       19895       21215       21156       21096       22236       22295       22234       21033       21093       22292       23371       23370
       14815       14874       14935       13495       12055       10615        9235        7854        6594        5274        4075        4135
       10281       10280       11600       13041       14541       15921       15920       17360       18680       18740       20061       20121
       23248       23187       22106       22105       20965       21025       21085       21145       21204       21265       21324       21323
       13580       14960       14899       13399       14779       14780       14781       14722       16042       17421       18802       18862
       15702       14382       12941       13002       11622       10243       10304        8925        8866        8926       10366       11747
       10914       12295       13734       13675       15055       16435       17814       16433       16493       17872       16491       15110
       16217       14837       16218       17599       18978       19037       18976       18975       18974       17654       16275       14835
       17432       17493       17434       17495       16116       16057       14676       14615       14555       13114       11734       11733
       16358       17739       19119       19059       18999       20259       20260       21460       21461       22661       23801       24701
       15288       15349       16729       18108       19488       18048       17987       17928       16548       15167       13726       13666
        9167        9168        9109        9170       10490       10431       10430        9049       10428       10487       11807       13187
       14830       14890       14829       13329       11890       13330       14710       16090       16151       16211       14832       13452
       10964       10963       11022       11083       11084       11085       11026       12407       12347       12286       13725       12285
       23123       24143       24142       23061       23000       24020       24981       25041       25821       25760       24860       25700
       16398       16397       15077       13697       12197       12136       10756        9436        9437        7997        6678        6619
       10888        9448        8128        8129        8130        8131        8071        9450        9390        7950        6631        6692
       23164       22085       22025       20826       20887       20948       20949       19688       18367       19686       21006       21066
       23212       23213       23272       22191       20991       19671       18351       16972       15532       14212       12771       11331
       16942       16883       18262       19642       19702       19763       19822       19881       19880       19820       19759       19699
       15499       15559       14180       14240       15680       15681       15682       17063       15683       15624       15565       16945
       19541       20802       20862       22063       22123       20983       19724       18464       18463       18523       18584       19904
       15734       14294       12914       12854       14234       14173       15552       15611       15670       14350       14349       12908
       14391       14332       14331       15651       15650       14330       14389       13009       11509       11449       11390       10011
       17185       15806       17246       17307       15928       15988       14548       13048       13049       12990       12930       14371
       20144       18884       20203       21463       22663       23744       23684       24584       23625       23626       22486       21346
       17237       17296       15915       14535       14594       14533       14593       14653       16032       16092       16153       14772
       18272       16893       16953       17013       18392       18453       18512       17192       15811       15810       14370       12931
       19912       18592       18533       17154       17095       17156       18536       19916       21177       21238       21179       21240
       13310       13370       14811       16191       16250       16189       17568       18948       20328       20388       21649       22849
       10312       10251       10250       11630       10310        8990        9051        7671        6411        7791        9231        9291
       19194       20513       20514       21834       20634       20635       20636       20577       19197       19198       17878       16498
       17662       16282       16281       16220       17540       17541       17542       18982       18983       20243       20183       20122
         513         572        1232        1293        1294        2074        3034        2973        2912        3992        5252        5311
       21596       21595       20336       18956       18896       20216       20217       20278       19018       17698       17758       16438
       17579       16198       17577       17517       17457       16017       14697       14696       16136       16197       16258       16318
       18032       19472       18091       19470       20730       20731       19351       19350       20610       20609       20548       21807
       21548       22749       23889       23949       24008       22928       22927       21667       20347       20346       19025       17644
        8250        9690       11070       12390       12391       12332       13772       13712       13653       13654       15095       15154
       15161       15101       15041       13541       14921       16361       16362       17743       19183       19184       17864       16484
       25827       25047       24027       24026       24985       25045       24145       23005       21745       21746       21747       22948
       15212       16591       16590       16589       17968       16528       15148       13648       12148       12087       12028       13468
       15169       15229       16610       17991       19311       17930       17929       19249       19250       17810       16431       16430
       13755       13754       15193       13813       13874       13935       13936       15316       15317       13878       15319       13879
       15502       14182       12682       11182       11181        9801        8481        8540        7159        7219        7280        7341
       16762       18141       16821       16820       15380       14001       12561       12502       12503       14003       14064       14005
       18125       18126       18186       19507       20766       19505       19504       19503       20762       19501       18121       18181
       14297       15617       16937       18257       19576       19517       18198       18258       18319       18320       18380       19700
       21043       22242       21041       19721       18401       18340       16960       16900       15519       15518       16897       18277
       17098       15717       15657       15598       15599       16919       18359       19739       20999       21058       21119       21120
       25925       25265       25204       25145       25146       24246       24245       23345       23344       22324       22265       21005
       11542       12981       14422       15801       15800       17181       17242       17243       17303       17363       18803       18742
        5398        5399        5340        6540        6541        6601        6720        7980        9300        9240       10680       12060
       13518       13517       13576       13635       15015       16394       15014       15073       13632       13571       13512       13453
       21091       19891       19951       18691       18690       17309       17370       17369       17430       18870       20250       21510
       26290       26230       25569       24728       23708       23707       23706       23705       22685       21485       20285       18965
       14970       15031       14971       16291       16292       17732       17791       17851       19232       17912       17853       16474
       20681       19360       19300       19240       17859       17918       17917       19237       17857       17796       17795       16414
       19021       20401       19141       19202       20582       20583       20524       20463       21663       20403       19084       17704
        9439       10759       10758       12198       13639       13699       12260       10940        9560        8120        6740        5479
       20471       20470       20409       20349       20289       18909       17589       17649       16329       17769       16388       16449
       23143       21944       22004       20743       19423       18103       16663       16664       15283       16603       16544       16543
       18119       19499       20759       20760       21960       23160       23099       21898       20639       20580       21840       22980
       19444       18004       19324       20645       20586       20527       20526       19146       19145       19085       19024       17645
       19463       19464       19405       19406       19467       18087       18028       19468       20728       21928       23068       23007
       16420       15039       15099       13658       15097       15037       16357       14976       13596       15096       15155       16475
       25147       25867       25868       25869       25209       24429       23409       22329       21069       19808       21067       22266
       11416       11355        9915        8535        8474        8413        9733        9734       11113       12493       12553       13993
       20816       20876       20935       20874       19613       19553       18232       19551       19550       18170       18229       18169
       15832       17272       15952       15892       14513       14454       12954       12955       12956       14396       12957       11457
       22277       22216       22276       23357       23298       23299       23300       22160       22161       21021       19760       18440
       22309       21169       19909       19849       19790       19729       20929       19669       19608       19547       18167       18228
       24334       23314       23253       22113       22053       20793       19533       19594       19595       19656       18337       18338
       17092       18472       19792       19733       18414       18355       18356       19736       19737       21057       21118       22319
       17088       17027       17086       15706       14326       14267       14207       12767       12768       12769       11330       11270
       20851       20910       22109       22048       20788       19529       18210       16829       16888       16887       15506       14126
       26051       25451       25452       26172       25513       25454       24554       25394       24553       23533       23473       23472
       18569       18628       19948       19887       19828       18507       18506       17127       17068       17007       16946       16885
       22432       21233       21294       21235       21296       20096       18716       17276       17217       15837       14397       12897
       13149       13150       14591       14531       15971       17351       18671       19992       21192       21133       22332       22331
       22687       21487       20227       20168       20107       20046       18727       18668       17228       15788       14407       14347
       12924       14424       14485       14544       14605       13225       14665       16044       17484       18864       20124       20123
       21765       23025       24106       25067       24108       25068       25069       25010       24110       22970       22909       22850
       10725        9285       10665       12046       13486       13487       13488       14929       16369       14989       15050       13611
       24651       23751       22670       22609       21409       22549       23630       24591       23632       23573       24534       24594
       17234       15854       14473       14413       12972       14352       12912       12971       13030       14469       14468       13027
       14379       14438       14498       13118       14618       13177       13178       13239       11799       11858       11917       13417
       22931       22872       22933       22934       21734       20475       20416       19156       17716       16276       16215       16274
       24128       24127       24066       25026       25025       25024       25804       25803       25023       25022       24061       22921
       20600       21800       21739       20478       20538       19219       19279       17900       16520       15139       15200       13820
       17499       17558       18878       18818       18757       18816       18875       18936       17557       16176       14797       14857
       20213       18894       18954       17575       17635       19075       19074       20393       20392       21651       21650       21709
       19057       19117       20436       21636       21635       21694       21755       21814       20614       19234       17855       17914
       23109       23108       21968       20707       19327       18007       18006       16566       17886       16446       16447       17828
       23129       23130       21931       21872       23132       23133       21934       21993       20733       19353       17974       16534
       13961       13900       12460       13899       15279       15338       16658       17978       18037       16656       15216       16536
       21027       19707       19708       19647       19587       20846       20786       19525       18265       16825       15505       14124
       15701       14261       14262       15582       16962       18282       18222       18162       16781       18160       18219       18279
        9833       11273       11274       11334       12775       14275       15656       15596       15536       14157       12777       12838
       21113       22312       21111       22311       23451       23450       24470       24471       24472       25313       25314       25975
       15456       14016       14015       14074       12634       11254       11315       11375       11435       12935       12936       12997
       20090       18771       20092       20152       21352       22612       22613       23753       23754       24654       25434       25373
       21073       21014       19753       18493       17112       18552       18551       19811       21070       22271       23352       23411
       19653       19714       20975       19715       18455       17135       17134       17193       15814       15815       14436       15817
       25127       24347       24346       25246       25966       25965       25365       24465       23505       22424       21225       21166
       23658       22577       22516       22515       23535       23476       22397       22457       23538       24499       25399       25398
       16862       16923       16922       16861       18301       19621       20941       19681       21001       22260       21059       19859
       22652       23792       24753       24693       24633       23613       24573       24514       25355       26016       25357       24577
       22071       22070       23210       23209       23208       23267       22186       22246       22307       22366       21165       19965
       26234       25575       26236       26237       26238       26239       26240       25520       24680       23721       22642       22582
       26432       26132       25472       25531       25591       24811       25651       24871       23851       23790       22709       22650
       25181       25901       25902       25903       25183       25124       25125       24284       23324       22304       21164       21105
       22830       22890       21689       20430       20370       19049       20368       18988       18927       18868       20189       20190
       19994       18734       20114       20175       20116       18796       17356       17416       17475       16155       16214       16213
       23154       23155       22015       20754       19374       19373       17992       16613       16553       15174       15233       15292
       17786       17726       19106       20366       19046       17606       16286       14846       16227       14847       13407       13408
       19377       19437       19496       19495       18055       16676       16616       16555       17935       17876       16497       15117
       23115       21915       20715       19455       19456       18077       18016       17957       16578       15199       15260       15201
       19334       19393       18073       18072       19451       18070       16690       15250       15191       13751       15131       16451
       15372       16812       16873       16933       16993       18374       16995       16935       15495       14115       14054       14053
       12509       12569       14069       14070       15390       16769       18148       18147       18146       16765       15445       15504
       17043       18424       18364       16924       18304       19623       20943       22143       21003       21004       21065       21126
       22567       23587       22506       23585       23525       24484       23464       22444       22443       22502       22441       21300
       11154       12534       14034       15414       15475       15534       16974       15654       15653       14213       12772       11272
       13196       13137       14578       15957       17338       18718       18778       20099       21358       21298       21239       22440
       24445       24444       25285       25945       25886       25227       25887       25888       25168       25169       24389       23430
       22138       22197       22196       22135       23215       23216       24236       24237       25137       24357       24416       24476
       18372       16991       16990       18430       18429       17109       18549       19868       21188       22328       22267       22206
       20805       22065       22125       20925       19605       18284       18224       16784       16845       16846       18166       18227
       18504       19764       21023       21082       22282       22341       22402       21202       19942       20003       20063       20062
       21270       21269       20069       20068       21388       22587       23727       23726       22646       22705       22644       21384
       25339       25999       25938       25937       25276       25336       24556       25396       24616       23716       23775       23776
       14744       14743       16063       17443       16003       15943       17324       17264       17205       17204       18524       19845
       24507       25347       26067       26126       26065       26064       26063       25343       24563       23543       22523       21322
       23914       23913       23972       24933       25772       25831       25770       25830       24989       24089       23009       21809
       23980       24041       24101       24161       24162       23142       21882       20623       19302       17982       17923       17924
       23935       23875       22794       22793       21533       21532       20271       20210       18890       17510       16070       16069
       18851       20170       21430       21491       21432       20112       18792       17413       17473       16094       14774       16154
       23117       21917       20657       20718       21979       20719       19459       18080       16701       16702       15262       13821
       26282       26283       26344       26345       25625       24786       23825       22805       22804       21544       20284       20344
       22935       22996       22937       22877       23956       24976       25816       25815       25754       25695       24795       24794
       19462       19401       20722       20663       20602       20603       19284       19285       19286       19287       20547       21808
       21332       22533       21393       21394       21455       20195       20256       21516       22656       23676       23617       23556
       19004       20324       20325       20386       19006       17627       17688       17689       19070       19010       20390       21590
       20649       20589       19268       19208       19269       19210       17831       17772       17711       16391       16450       15070
       20543       21802       23003       23004       21864       21925       21984       21985       21986       21927       21868       23008
       26336       26397       25737       25798       25857       25077       24057       24056       22975       22914       22973       22972
       25128       25129       25130       24350       24291       24292       25132       25193       25134       25195       24415       25315
       22162       23182       23242       23183       22043       20844       19644       18384       18385       17006       15566       14185
       19840       18520       17139       17079       15700       15639       14259       14199       12699       11259        9879        8559
       23322       24282       24221       23260       23199       23200       22060       20860       20919       19658       18278       16898
       24183       25083       25082       25081       24301       24300       24359       25259       25918       25977       25916       25256
       15820       15821       17202       18642       18641       20021       21282       21342       20083       20024       21285       21226
       24754       24755       25535       24635       23675       22535       22474       22413       22412       23491       24451       24450
       14640       14699       16079       17459       17400       17339       15899       17219       17220       18660       19920       19919
       22449       23528       22448       21308       21369       22570       22571       21372       22512       22451       22392       23471
       21397       21336       21277       21278       21219       22419       22358       21158       19898       18577       17137       15756
       23380       24340       24279       24338       25178       25898       25958       25897       25956       25236       24456       24516
       23846       24805       24864       23964       22883       22882       22881       23960       23900       23841       24800       25639
       26200       25539       24639       23680       22540       22541       21340       22539       23679       23740       23800       23860
       25065       25064       24164       23024       23023       21763       20443       21643       22783       22723       23802       23862
       25014       24114       24113       24174       23093       23152       23091       21831       20511       20510       20449       21708
       25840       25841       25842       25843       25844       25784       24884       23984       23983       23922       23861       24821
       26405       26406       26407       26167       26227       26287       26348       25689       25688       25749       25809       25808
       17659       19040       20359       21619       21558       21559       22699       23778       24738       24797       23836       24736
       26419       26418       26117       26416       26115       26414       26413       26053       25993       25273       24433       24373
       22957       22897       23976       22836       22775       22714       22773       21573       20253       18873       20192       21451
       23255       24215       24276       24217       23197       22116       22056       20796       20797       19538       18218       16837
       20784       19523       20782       20781       20841       22040       22039       22038       22037       20897       20958       19698
       19607       18347       18346       17026       18466       19786       19787       21048       21107       19907       19906       18585
       23221       23162       22022       22021       22140       23220       23279       23338       23399       22320       21180       19980
       25098       25099       25100       24261       24321       25160       25219       24379       23419       22279       21019       21079
       25102       24263       23304       24265       24206       24267       23308       22229       21029       21090       22350       23490
       25872       25873       25874       25875       25216       25156       24256       25095       25094       24314       24313       24312
       15937       17318       17258       18639       19960       19900       21161       22361       21162       19903       19964       19905
       25967       25908       25249       25910       25971       26031       26092       26151       25490       26210       26149       26089
       19930       19989       18729       18789       17408       17407       17468       16148       17527       17587       18966       17585
       17116       18495       19815       21135       19935       19996       19937       19877       19816       19757       21018       19758
       25707       26307       26306       26305       26244       26184       25525       24684       24625       23665       22585       22584
       26252       26313       26373       25714       24875       25716       26316       25656       24817       23858       22779       22840
       23157       24177       23037       22977       21717       22857       22858       21658       21719       21779       21780       21781
       21542       21541       20221       18901       20280       20219       20159       21420       22620       23640       22501       21301
       19100       17780       17781       19221       20481       20422       21622       21562       22763       23783       22643       21443
       23119       24139       24138       25038       24979       25818       24978       25758       25697       24857       24796       24735
       24093       24092       24091       22951       21751       21692       21632       20432       20493       19233       17854       17915
       20632       20692       22012       20752       22011       22010       23150       23089       21888       21828       21769       21710
       26194       26134       26074       26013       25954       25294       24453       24393       23434       23435       23496       23497
       23176       23175       22035       22034       22033       23173       23172       24192       24252       23293       23353       23413
       14560       14500       14501       15941       17381       18762       18821       20141       18820       20139       18759       17379
       22171       23250       23251       24212       24272       25172       25892       25231       25890       25170       24390       23431
       24366       24427       24368       24308       25088       24248       24189       24190       25090       25151       24371       24372
       20993       19734       19795       21055       22254       22194       22255       23334       23394       24414       25255       24475
       19779       19778       18457       19777       20977       22178       22237       23377       23437       22417       23557       23558
       26040       26099       26159       25498       24658       23758       22618       22557       22496       23576       24535       25374
       19946       21266       22526       22527       23608       24628       24629       23670       22530       21390       21449       21509
       26399       25679       25678       24778       24837       24777       24776       24715       25555       25496       25435       25376
       26221       26280       25680       24780       23760       23761       24721       25501       25502       24602       25382       24482
       26430       26429       26128       26068       26009       25950       26011       25351       25410       25349       24449       23488
       24995       25835       25836       25837       24998       24938       23918       22839       21640       21581       22781       22780
       22009       22008       22007       23147       23146       21886       20627       20567       19187       20507       21768       22969
       25080       25019       24960       25800       25741       25681       24842       23883       22802       22862       22922       22982
       24922       24983       25823       25764       25765       24926       23906       22825       21626       21567       21508       20249
       25789       24948       25787       25786       24946       23986       23927       22847       21587       21528       21589       22790
       16522       16462       16402       17783       19163       19164       20424       20364       21564       21505       21444       21503
       21725       22924       22984       23045       23106       23105       23104       23103       21902       23042       22981       23040
       20737       20677       21936       23136       24156       24096       23015       21816       20616       19356       17975       16596
       23423       24382       25223       25884       25164       24325       23366       23427       22348       22408       23489       23429
       26403       26103       26164       26165       25445       24606       25386       26045       26044       25983       26042       25322
       25882       25881       25942       26001       25341       24501       23601       23600       22580       21381       21442       21383
       25368       24528       24467       23507       23448       22428       22488       21288       20028       20027       19966       20025
       26421       26422       26182       26241       25582       25643       26363       26362       26361       26360       25640       24799
       17565       18946       20206       21466       21465       22725       23865       22845       22906       22967       22908       21648
       26329       25669       26328       26327       25607       24766       23746       23747       22607       22546       21286       20026
       22658       23738       24697       25537       25477       26138       26437       26436       26076       25417       24517       24457
       20473       19213       19274       20594       21853       23113       21973       21972       21911       20591       21851       23052
       25034       25033       25032       25812       25811       24911       23891       22811       22752       22753       23834       22755
       24869       25649       26369       26309       26249       25588       24748       23848       23789       22710       21450       21511
       23635       23696       22676       22737       22738       22739       22800       22860       22920       21661       21721       21782
       23947       23887       24846       24907       25807       24968       25029       24070       24130       24131       23111       23051
       26378       26318       26258       26259       25659       25719       26380       26381       25722       25662       24762       24822
       25675       25734       24954       24953       25012       25852       25792       25732       24832       23932       22851       22910
       26391       25671       25611       24770       24709       24708       24647       25427       26087       26447       26148       26449
       24403       24404       24463       23563       23562       23501       24461       25300       25299       24519       24518       23618
       25988       25987       26048       26109       25448       24608       24549       24550       24491       25271       24432       23412
       12044       13544       14924       16305       16306       17746       17745       17744       16424       15045       15104       13664
       26333       26274       26213       26453       26454       26455       26456       26457       26097       26036       25375       25316
       24724       23763       22683       22623       22563       21364       20104       20043       20102       20041       21241       19981
       16158       17537       18857       20178       21438       20118       21318       21319       21260       21321       21382       22583
       26442       26441       26140       25420       26080       26021       26022       25422       24582       23682       23741       24702
       24158       24159       23139       21999       20739       19479       19480       19481       18101       16661       16600       16540
       13228       14667       14727       16106       17426       17365       18745       20125       20126       21387       21448       20188
       23714       23713       23712       24732       25571       25632       25692       24853       24913       23954       23895       23835
       25484       26204       25544       25545       24765       25665       26324       26323       26262       25602       24761       24820
       22262       23402       24361       24421       23520       23519       24539       25378       24538       24597       24536       24595
